[VERBOSE] Variable bounds
cost: 0 inf 2
fixed: 0 inf 2
transport: 0 inf 2
x1: 0 1 3
x2: 0 1 3
x3: 0 1 3
x4: 0 1 3
y11: 0 1 3
y12: 0 1 3
y13: 0 1 3
y14: 0 1 3
y21: 0 1 3
y22: 0 1 3
y23: 0 1 3
y24: 0 1 3
y31: 0 1 3
y32: 0 1 3
y33: 0 1 3
y34: 0 1 3
y41: 0 1 3
y42: 0 1 3
y43: 0 1 3
y44: 0 1 3
y51: 0 1 3
y52: 0 1 3
y53: 0 1 3
y54: 0 1 3
y61: 0 1 3
y62: 0 1 3
y63: 0 1 3
y64: 0 1 3
y71: 0 1 3
y72: 0 1 3
y73: 0 1 3
y74: 0 1 3
y81: 0 1 3
y82: 0 1 3
y83: 0 1 3
y84: 0 1 3
y91: 0 1 3
y92: 0 1 3
y93: 0 1 3
y94: 0 1 3
cost 
Version identifier: 20.1.0.0 | 2020-11-10 | 9bedb6d68
Tried aggregator 1 time.
LP Presolve eliminated 3 rows and 3 columns.
Reduced LP has 49 rows, 40 columns, and 148 nonzeros.
Presolve time = 0.00 sec. (0.06 ticks)
Initializing dual steep norms . . .

Iteration log . . .
Iteration:     1   Dual objective     =           184.000000
Solution status = Optimal
Solution value  = 449.606
Values        = [449.606, 204.571, 245.035, 0.314286, 0.314286, 0.685714, 0, 0.314286, 0, 0.685714,
0, 0.314286, 0.314286, 0.371429, 0, 0.314286, 0.314286, 0.371429, 0, 0.314286,
0.314286, 0.371429, 0, 0, 0.314286, 0.685714, 0, 0, 0.314286, 0.685714,
0, 0.204286, 0.11, 0.685714, 0, 0, 0.314286, 0.685714, 0, 0.314286,
0.115238, 0.570476, 0]
Slacks        = [0, 0, 0, 0, 0, 0, 0, 0, 0, 0,
0, 0, 0, 0, 0, 0, 0, 0, 0, 0,
-0.314286, -0.314286, -0.11, -0.314286, 0, -0.314286, 0, 0, 0, 0,
0, -0.204286, 0, -0.199048, 0, -0.314286, -0.314286, -0.314286, -0, 0,
0, 0, -0.115238, 0, 0, 0, 0, 0, 0, 0,
0, 0]
Duals         = [-1, -1, -1, -0.774524, -0.824524, -0.89119, 0, 37.2214, 33.9119, 40.6943,
39.3679, 33.3679, 47.4536, 55.4905, 94.3631, 67.7357, 19.4762, 16.1667, 11.4, 2.75,
-0, -0, -0, -0, 10.5, -0, 0.666667, 7.8, 17, 9,
16.0857, -0, 8.75, -0, 3.30952, -0, -0, -0, -0, 18.0857,
15.6667, 17.0833, -0, -0, -0, 56.5893, -0, 4.36786, 25.4536, 28.4905,
59.3631, 5.73571]
Reduced Costs = [0, 0, 0, 0, 0, 0, 0, 0, 1.02381, 0,
17.7786, 0, 0, 0, 11.0881, 0, 0, 0, 55.895, 0,
0, 0, 0.632143, 6.25, 0, 0, 0, 0.164286, 0, 0,
0, 0, 0, 0, 0, 0, 0, 0, 0, 0,
0, 0, 0]
lp instance status: Optimal
3
0 3
0 3
-1
1 3
1 3
1
2 3
2 3
1

5
0 6
0 6
-1
1 6
1 6
130
2 6
2 6
150
3 6
3 6
170
4 6
4 6
180

37
0 37
0 37
-1
1 37
1 37
10
2 37
2 37
30
3 37
3 37
25
4 37
4 37
55
5 37
5 37
10
6 37
6 37
25
7 37
7 37
25
8 37
8 37
45
9 37
9 37
20
10 37
10 37
23
11 37
11 37
30
12 37
12 37
40
13 37
13 37
25
14 37
14 37
10
15 37
15 37
26
16 37
16 37
40
17 37
17 37
28
18 37
18 37
12
19 37
19 37
20
20 37
20 37
29
21 37
21 37
36
22 37
22 37
19
23 37
23 37
16
24 37
24 37
22
25 37
25 37
40
26 37
26 37
39
27 37
27 37
22
28 37
28 37
27
29 37
29 37
75
30 37
30 37
65
31 37
31 37
55
32 37
32 37
35
33 37
33 37
34
34 37
34 37
43
35 37
35 37
41
36 37
36 37
62

10
0 37
0 37
-90
1 37
1 37
10
2 37
2 37
10
3 37
3 37
12
4 37
4 37
15
5 37
5 37
15
6 37
6 37
15
7 37
7 37
20
8 37
8 37
25
9 37
9 37
30

10
0 37
0 37
-110
1 37
1 37
10
2 37
2 37
10
3 37
3 37
12
4 37
4 37
15
5 37
5 37
15
6 37
6 37
15
7 37
7 37
20
8 37
8 37
25
9 37
9 37
30

10
0 37
0 37
-130
1 37
1 37
10
2 37
2 37
10
3 37
3 37
12
4 37
4 37
15
5 37
5 37
15
6 37
6 37
15
7 37
7 37
20
8 37
8 37
25
9 37
9 37
30

10
0 37
0 37
-150
1 37
1 37
10
2 37
2 37
10
3 37
3 37
12
4 37
4 37
15
5 37
5 37
15
6 37
6 37
15
7 37
7 37
20
8 37
8 37
25
9 37
9 37
30

4
0 37
0 37
1
1 37
1 37
1
2 37
2 37
1
3 37
3 37
1

4
0 37
0 37
1
1 37
1 37
1
2 37
2 37
1
3 37
3 37
1

4
0 37
0 37
1
1 37
1 37
1
2 37
2 37
1
3 37
3 37
1

4
0 37
0 37
1
1 37
1 37
1
2 37
2 37
1
3 37
3 37
1

4
0 37
0 37
1
1 37
1 37
1
2 37
2 37
1
3 37
3 37
1

4
0 37
0 37
1
1 37
1 37
1
2 37
2 37
1
3 37
3 37
1

4
0 37
0 37
1
1 37
1 37
1
2 37
2 37
1
3 37
3 37
1

4
0 37
0 37
1
1 37
1 37
1
2 37
2 37
1
3 37
3 37
1

4
0 37
0 37
1
1 37
1 37
1
2 37
2 37
1
3 37
3 37
1

2
0 37
0 37
1
1 37
1 37
-1

2
0 37
0 37
1
1 37
1 37
-1

2
0 37
0 37
1
1 37
1 37
-1

2
0 37
0 37
1
1 37
1 37
-1

2
0 37
0 37
1
1 37
1 37
-1

2
0 37
0 37
1
1 37
1 37
-1

2
0 37
0 37
1
1 37
1 37
-1

2
0 37
0 37
1
1 37
1 37
-1

2
0 37
0 37
1
1 37
1 37
-1

2
0 37
0 37
1
1 37
1 37
-1

2
0 37
0 37
1
1 37
1 37
-1

2
0 37
0 37
1
1 37
1 37
-1

2
0 37
0 37
1
1 37
1 37
-1

2
0 37
0 37
1
1 37
1 37
-1

2
0 37
0 37
1
1 37
1 37
-1

2
0 37
0 37
1
1 37
1 37
-1

2
0 37
0 37
1
1 37
1 37
-1

2
0 37
0 37
1
1 37
1 37
-1

2
0 37
0 37
1
1 37
1 37
-1

2
0 37
0 37
1
1 37
1 37
-1

2
0 37
0 37
1
1 37
1 37
-1

2
0 37
0 37
1
1 37
1 37
-1

2
0 37
0 37
1
1 37
1 37
-1

2
0 37
0 37
1
1 37
1 37
-1

2
0 37
0 37
1
1 37
1 37
-1

2
0 37
0 37
1
1 37
1 37
-1

2
0 37
0 37
1
1 37
1 37
-1

2
0 37
0 37
1
1 37
1 37
-1

2
0 37
0 37
1
1 37
1 37
-1

2
0 37
0 37
1
1 37
1 37
-1

2
0 37
0 37
1
1 37
1 37
-1

2
0 37
0 37
1
1 37
1 37
-1

2
0 37
0 37
1
1 37
1 37
-1

2
0 37
0 37
1
1 37
1 37
-1

2
0 37
0 37
1
1 37
1 37
-1

2
0 37
0 37
1
1 37
1 37
-1

A:Nonzero entries:
(-1,0) (1,1) (1,0) (-1,1) (-1,2) (1,3) (1,0) (-1,1) (-1,4) (1,5) (130,2) (-130,3) (90,6) (1,28) (1,29) (1,30) (1,31) (1,32) (1,33) (1,34) (1,35) (1,36) (150,2) (-150,3) (110,7) (1,37) (1,38) (1,39) (1,40) (1,41) (1,42) (1,43) (1,44) (1,45) (170,2) (-170,3) (130,8) (1,46) (1,47) (1,48) (1,49) (1,50) (1,51) (1,52) (1,53) (1,54) (180,2) (-180,3) (150,9) (1,55) (1,56) (1,57) (1,58) (1,59) (1,60) (1,61) (1,62) (1,63) (10,4) (-10,5) (-10,6) (1,10) (-1,11) (-1,28) (30,4) (-30,5) (-10,7) (1,10) (-1,11) (-1,37) (25,4) (-25,5) (-10,8) (1,10) (-1,11) (-1,46) (55,4) (-55,5) (-10,9) (1,10) (-1,11) (-1,55) (10,4) (-10,5) (-10,6) (1,12) (-1,13) (-1,29) (25,4) (-25,5) (-10,7) (1,12) (-1,13) (-1,38) (25,4) (-25,5) (-10,8) (1,12) (-1,13) (-1,47) (45,4) (-45,5) (-10,9) (1,12) (-1,13) (-1,56) (20,4) (-20,5) (-12,6) (1,14) (-1,15) (-1,30) (23,4) (-23,5) (-12,7) (1,14) (-1,15) (-1,39) (30,4) (-30,5) (-12,8) (1,14) (-1,15) (-1,48) (40,4) (-40,5) (-12,9) (1,14) (-1,15) (-1,57) (25,4) (-25,5) (-15,6) (1,16) (-1,17) (-1,31) (10,4) (-10,5) (-15,7) (1,16) (-1,17) (-1,40) (26,4) (-26,5) (-15,8) (1,16) (-1,17) (-1,49) (40,4) (-40,5) (-15,9) (1,16) (-1,17) (-1,58) (28,4) (-28,5) (-15,6) (1,18) (-1,19) (-1,32) (12,4) (-12,5) (-15,7) (1,18) (-1,19) (-1,41) (20,4) (-20,5) (-15,8) (1,18) (-1,19) (-1,50) (29,4) (-29,5) (-15,9) (1,18) (-1,19) (-1,59) (36,4) (-36,5) (-15,6) (1,20) (-1,21) (-1,33) (19,4) (-19,5) (-15,7) (1,20) (-1,21) (-1,42) (16,4) (-16,5) (-15,8) (1,20) (-1,21) (-1,51) (22,4) (-22,5) (-15,9) (1,20) (-1,21) (-1,60) (40,4) (-40,5) (-20,6) (1,22) (-1,23) (-1,34) (39,4) (-39,5) (-20,7) (1,22) (-1,23) (-1,43) (22,4) (-22,5) (-20,8) (1,22) (-1,23) (-1,52) (27,4) (-27,5) (-20,9) (1,22) (-1,23) (-1,61) (75,4) (-75,5) (-25,6) (1,24) (-1,25) (-1,35) (65,4) (-65,5) (-25,7) (1,24) (-1,25) (-1,44) (55,4) (-55,5) (-25,8) (1,24) (-1,25) (-1,53) (35,4) (-35,5) (-25,9) (1,24) (-1,25) (-1,62) (34,4) (-34,5) (-30,6) (1,26) (-1,27) (-1,36) (43,4) (-43,5) (-30,7) (1,26) (-1,27) (-1,45) (41,4) (-41,5) (-30,8) (1,26) (-1,27) (-1,54) (62,4) (-62,5) (-30,9) (1,26) (-1,27) (-1,63) 

Outer pointers:
0 2 6 10 22 34 46 58 64 70 76 82 88 94 100 106 112 118 124 130 136 142 148 154 160 166 172 178 184 190 196 202 208 214 220 226 232 238 244 250 256 262 268  $

-1 1 1 0 0 0 0 0 0 0 0 0 0 0 0 0 0 0 0 0 0 0 0 0 0 0 0 0 0 0 0 0 0 0 0 0 0 0 0 0 0 0 0 
1 -1 -1 0 0 0 0 0 0 0 0 0 0 0 0 0 0 0 0 0 0 0 0 0 0 0 0 0 0 0 0 0 0 0 0 0 0 0 0 0 0 0 0 
0 -1 0 130 150 170 180 0 0 0 0 0 0 0 0 0 0 0 0 0 0 0 0 0 0 0 0 0 0 0 0 0 0 0 0 0 0 0 0 0 0 0 0 
0 1 0 -130 -150 -170 -180 0 0 0 0 0 0 0 0 0 0 0 0 0 0 0 0 0 0 0 0 0 0 0 0 0 0 0 0 0 0 0 0 0 0 0 0 
0 0 -1 0 0 0 0 10 30 25 55 10 25 25 45 20 23 30 40 25 10 26 40 28 12 20 29 36 19 16 22 40 39 22 27 75 65 55 35 34 43 41 62 
0 0 1 0 0 0 0 -10 -30 -25 -55 -10 -25 -25 -45 -20 -23 -30 -40 -25 -10 -26 -40 -28 -12 -20 -29 -36 -19 -16 -22 -40 -39 -22 -27 -75 -65 -55 -35 -34 -43 -41 -62 
0 0 0 90 0 0 0 -10 0 0 0 -10 0 0 0 -12 0 0 0 -15 0 0 0 -15 0 0 0 -15 0 0 0 -20 0 0 0 -25 0 0 0 -30 0 0 0 
0 0 0 0 110 0 0 0 -10 0 0 0 -10 0 0 0 -12 0 0 0 -15 0 0 0 -15 0 0 0 -15 0 0 0 -20 0 0 0 -25 0 0 0 -30 0 0 
0 0 0 0 0 130 0 0 0 -10 0 0 0 -10 0 0 0 -12 0 0 0 -15 0 0 0 -15 0 0 0 -15 0 0 0 -20 0 0 0 -25 0 0 0 -30 0 
0 0 0 0 0 0 150 0 0 0 -10 0 0 0 -10 0 0 0 -12 0 0 0 -15 0 0 0 -15 0 0 0 -15 0 0 0 -20 0 0 0 -25 0 0 0 -30 
0 0 0 0 0 0 0 1 1 1 1 0 0 0 0 0 0 0 0 0 0 0 0 0 0 0 0 0 0 0 0 0 0 0 0 0 0 0 0 0 0 0 0 
0 0 0 0 0 0 0 -1 -1 -1 -1 0 0 0 0 0 0 0 0 0 0 0 0 0 0 0 0 0 0 0 0 0 0 0 0 0 0 0 0 0 0 0 0 
0 0 0 0 0 0 0 0 0 0 0 1 1 1 1 0 0 0 0 0 0 0 0 0 0 0 0 0 0 0 0 0 0 0 0 0 0 0 0 0 0 0 0 
0 0 0 0 0 0 0 0 0 0 0 -1 -1 -1 -1 0 0 0 0 0 0 0 0 0 0 0 0 0 0 0 0 0 0 0 0 0 0 0 0 0 0 0 0 
0 0 0 0 0 0 0 0 0 0 0 0 0 0 0 1 1 1 1 0 0 0 0 0 0 0 0 0 0 0 0 0 0 0 0 0 0 0 0 0 0 0 0 
0 0 0 0 0 0 0 0 0 0 0 0 0 0 0 -1 -1 -1 -1 0 0 0 0 0 0 0 0 0 0 0 0 0 0 0 0 0 0 0 0 0 0 0 0 
0 0 0 0 0 0 0 0 0 0 0 0 0 0 0 0 0 0 0 1 1 1 1 0 0 0 0 0 0 0 0 0 0 0 0 0 0 0 0 0 0 0 0 
0 0 0 0 0 0 0 0 0 0 0 0 0 0 0 0 0 0 0 -1 -1 -1 -1 0 0 0 0 0 0 0 0 0 0 0 0 0 0 0 0 0 0 0 0 
0 0 0 0 0 0 0 0 0 0 0 0 0 0 0 0 0 0 0 0 0 0 0 1 1 1 1 0 0 0 0 0 0 0 0 0 0 0 0 0 0 0 0 
0 0 0 0 0 0 0 0 0 0 0 0 0 0 0 0 0 0 0 0 0 0 0 -1 -1 -1 -1 0 0 0 0 0 0 0 0 0 0 0 0 0 0 0 0 
0 0 0 0 0 0 0 0 0 0 0 0 0 0 0 0 0 0 0 0 0 0 0 0 0 0 0 1 1 1 1 0 0 0 0 0 0 0 0 0 0 0 0 
0 0 0 0 0 0 0 0 0 0 0 0 0 0 0 0 0 0 0 0 0 0 0 0 0 0 0 -1 -1 -1 -1 0 0 0 0 0 0 0 0 0 0 0 0 
0 0 0 0 0 0 0 0 0 0 0 0 0 0 0 0 0 0 0 0 0 0 0 0 0 0 0 0 0 0 0 1 1 1 1 0 0 0 0 0 0 0 0 
0 0 0 0 0 0 0 0 0 0 0 0 0 0 0 0 0 0 0 0 0 0 0 0 0 0 0 0 0 0 0 -1 -1 -1 -1 0 0 0 0 0 0 0 0 
0 0 0 0 0 0 0 0 0 0 0 0 0 0 0 0 0 0 0 0 0 0 0 0 0 0 0 0 0 0 0 0 0 0 0 1 1 1 1 0 0 0 0 
0 0 0 0 0 0 0 0 0 0 0 0 0 0 0 0 0 0 0 0 0 0 0 0 0 0 0 0 0 0 0 0 0 0 0 -1 -1 -1 -1 0 0 0 0 
0 0 0 0 0 0 0 0 0 0 0 0 0 0 0 0 0 0 0 0 0 0 0 0 0 0 0 0 0 0 0 0 0 0 0 0 0 0 0 1 1 1 1 
0 0 0 0 0 0 0 0 0 0 0 0 0 0 0 0 0 0 0 0 0 0 0 0 0 0 0 0 0 0 0 0 0 0 0 0 0 0 0 -1 -1 -1 -1 
0 0 0 1 0 0 0 -1 0 0 0 0 0 0 0 0 0 0 0 0 0 0 0 0 0 0 0 0 0 0 0 0 0 0 0 0 0 0 0 0 0 0 0 
0 0 0 1 0 0 0 0 0 0 0 -1 0 0 0 0 0 0 0 0 0 0 0 0 0 0 0 0 0 0 0 0 0 0 0 0 0 0 0 0 0 0 0 
0 0 0 1 0 0 0 0 0 0 0 0 0 0 0 -1 0 0 0 0 0 0 0 0 0 0 0 0 0 0 0 0 0 0 0 0 0 0 0 0 0 0 0 
0 0 0 1 0 0 0 0 0 0 0 0 0 0 0 0 0 0 0 -1 0 0 0 0 0 0 0 0 0 0 0 0 0 0 0 0 0 0 0 0 0 0 0 
0 0 0 1 0 0 0 0 0 0 0 0 0 0 0 0 0 0 0 0 0 0 0 -1 0 0 0 0 0 0 0 0 0 0 0 0 0 0 0 0 0 0 0 
0 0 0 1 0 0 0 0 0 0 0 0 0 0 0 0 0 0 0 0 0 0 0 0 0 0 0 -1 0 0 0 0 0 0 0 0 0 0 0 0 0 0 0 
0 0 0 1 0 0 0 0 0 0 0 0 0 0 0 0 0 0 0 0 0 0 0 0 0 0 0 0 0 0 0 -1 0 0 0 0 0 0 0 0 0 0 0 
0 0 0 1 0 0 0 0 0 0 0 0 0 0 0 0 0 0 0 0 0 0 0 0 0 0 0 0 0 0 0 0 0 0 0 -1 0 0 0 0 0 0 0 
0 0 0 1 0 0 0 0 0 0 0 0 0 0 0 0 0 0 0 0 0 0 0 0 0 0 0 0 0 0 0 0 0 0 0 0 0 0 0 -1 0 0 0 
0 0 0 0 1 0 0 0 -1 0 0 0 0 0 0 0 0 0 0 0 0 0 0 0 0 0 0 0 0 0 0 0 0 0 0 0 0 0 0 0 0 0 0 
0 0 0 0 1 0 0 0 0 0 0 0 -1 0 0 0 0 0 0 0 0 0 0 0 0 0 0 0 0 0 0 0 0 0 0 0 0 0 0 0 0 0 0 
0 0 0 0 1 0 0 0 0 0 0 0 0 0 0 0 -1 0 0 0 0 0 0 0 0 0 0 0 0 0 0 0 0 0 0 0 0 0 0 0 0 0 0 
0 0 0 0 1 0 0 0 0 0 0 0 0 0 0 0 0 0 0 0 -1 0 0 0 0 0 0 0 0 0 0 0 0 0 0 0 0 0 0 0 0 0 0 
0 0 0 0 1 0 0 0 0 0 0 0 0 0 0 0 0 0 0 0 0 0 0 0 -1 0 0 0 0 0 0 0 0 0 0 0 0 0 0 0 0 0 0 
0 0 0 0 1 0 0 0 0 0 0 0 0 0 0 0 0 0 0 0 0 0 0 0 0 0 0 0 -1 0 0 0 0 0 0 0 0 0 0 0 0 0 0 
0 0 0 0 1 0 0 0 0 0 0 0 0 0 0 0 0 0 0 0 0 0 0 0 0 0 0 0 0 0 0 0 -1 0 0 0 0 0 0 0 0 0 0 
0 0 0 0 1 0 0 0 0 0 0 0 0 0 0 0 0 0 0 0 0 0 0 0 0 0 0 0 0 0 0 0 0 0 0 0 -1 0 0 0 0 0 0 
0 0 0 0 1 0 0 0 0 0 0 0 0 0 0 0 0 0 0 0 0 0 0 0 0 0 0 0 0 0 0 0 0 0 0 0 0 0 0 0 -1 0 0 
0 0 0 0 0 1 0 0 0 -1 0 0 0 0 0 0 0 0 0 0 0 0 0 0 0 0 0 0 0 0 0 0 0 0 0 0 0 0 0 0 0 0 0 
0 0 0 0 0 1 0 0 0 0 0 0 0 -1 0 0 0 0 0 0 0 0 0 0 0 0 0 0 0 0 0 0 0 0 0 0 0 0 0 0 0 0 0 
0 0 0 0 0 1 0 0 0 0 0 0 0 0 0 0 0 -1 0 0 0 0 0 0 0 0 0 0 0 0 0 0 0 0 0 0 0 0 0 0 0 0 0 
0 0 0 0 0 1 0 0 0 0 0 0 0 0 0 0 0 0 0 0 0 -1 0 0 0 0 0 0 0 0 0 0 0 0 0 0 0 0 0 0 0 0 0 
0 0 0 0 0 1 0 0 0 0 0 0 0 0 0 0 0 0 0 0 0 0 0 0 0 -1 0 0 0 0 0 0 0 0 0 0 0 0 0 0 0 0 0 
0 0 0 0 0 1 0 0 0 0 0 0 0 0 0 0 0 0 0 0 0 0 0 0 0 0 0 0 0 -1 0 0 0 0 0 0 0 0 0 0 0 0 0 
0 0 0 0 0 1 0 0 0 0 0 0 0 0 0 0 0 0 0 0 0 0 0 0 0 0 0 0 0 0 0 0 0 -1 0 0 0 0 0 0 0 0 0 
0 0 0 0 0 1 0 0 0 0 0 0 0 0 0 0 0 0 0 0 0 0 0 0 0 0 0 0 0 0 0 0 0 0 0 0 0 -1 0 0 0 0 0 
0 0 0 0 0 1 0 0 0 0 0 0 0 0 0 0 0 0 0 0 0 0 0 0 0 0 0 0 0 0 0 0 0 0 0 0 0 0 0 0 0 -1 0 
0 0 0 0 0 0 1 0 0 0 -1 0 0 0 0 0 0 0 0 0 0 0 0 0 0 0 0 0 0 0 0 0 0 0 0 0 0 0 0 0 0 0 0 
0 0 0 0 0 0 1 0 0 0 0 0 0 0 -1 0 0 0 0 0 0 0 0 0 0 0 0 0 0 0 0 0 0 0 0 0 0 0 0 0 0 0 0 
0 0 0 0 0 0 1 0 0 0 0 0 0 0 0 0 0 0 -1 0 0 0 0 0 0 0 0 0 0 0 0 0 0 0 0 0 0 0 0 0 0 0 0 
0 0 0 0 0 0 1 0 0 0 0 0 0 0 0 0 0 0 0 0 0 0 -1 0 0 0 0 0 0 0 0 0 0 0 0 0 0 0 0 0 0 0 0 
0 0 0 0 0 0 1 0 0 0 0 0 0 0 0 0 0 0 0 0 0 0 0 0 0 0 -1 0 0 0 0 0 0 0 0 0 0 0 0 0 0 0 0 
0 0 0 0 0 0 1 0 0 0 0 0 0 0 0 0 0 0 0 0 0 0 0 0 0 0 0 0 0 0 -1 0 0 0 0 0 0 0 0 0 0 0 0 
0 0 0 0 0 0 1 0 0 0 0 0 0 0 0 0 0 0 0 0 0 0 0 0 0 0 0 0 0 0 0 0 0 0 -1 0 0 0 0 0 0 0 0 
0 0 0 0 0 0 1 0 0 0 0 0 0 0 0 0 0 0 0 0 0 0 0 0 0 0 0 0 0 0 0 0 0 0 0 0 0 0 -1 0 0 0 0 
0 0 0 0 0 0 1 0 0 0 0 0 0 0 0 0 0 0 0 0 0 0 0 0 0 0 0 0 0 0 0 0 0 0 0 0 0 0 0 0 0 0 -1 
b: (1,10) (-1,11) (1,12) (-1,13) (1,14) (-1,15) (1,16) (-1,17) (1,18) (-1,19) (1,20) (-1,21) (1,22) (-1,23) (1,24) (-1,25) (1,26) (-1,27) 
(0,0) (0,1) (0,2) (0,3) (0,4) (0,5) (0,6) (0,7) (0,8) (0,9) (0,10) (0,11) (0,12) (0,13) (0,14) (0,15) (0,16) (0,17) (0,18) (0,19) (0,20) (0,21) (0,22) (0,23) (0,24) (0,25) (0,26) (0,27) (0,28) (0,29) (0,30) (0,31) (0,32) (0,33) (0,34) (0,35) (0,36) (0,37) (0,38) (0,39) (0,40) (0,41) (0,42) 

(1e+09,0) (1e+09,1) (1e+09,2) (1,3) (1,4) (1,5) (1,6) (1,7) (1,8) (1,9) (1,10) (1,11) (1,12) (1,13) (1,14) (1,15) (1,16) (1,17) (1,18) (1,19) (1,20) (1,21) (1,22) (1,23) (1,24) (1,25) (1,26) (1,27) (1,28) (1,29) (1,30) (1,31) (1,32) (1,33) (1,34) (1,35) (1,36) (1,37) (1,38) (1,39) (1,40) (1,41) (1,42) 

temp: (1,0) 
Iteration 0:
x: (0,0) 
u: (0,0) (0,1) (0,10) (0,11) (0,12) (0,13) (0,14) (0,15) (0,16) (0,17) (0,18) (0,19) (0,20) (0,21) (0,22) (0,23) (0,24) (0,25) (0,26) (0,27) 
s: (0,0) (0,1) (1,10) (-1,11) (1,12) (-1,13) (1,14) (-1,15) (1,16) (-1,17) (1,18) (-1,19) (1,20) (-1,21) (1,22) (-1,23) (1,24) (-1,25) (1,26) (-1,27) 
phi(u): 0
step size (lambda): 0
step param (mu): 0

temp: (1,0) (0,1) (0,2) (0,3) (0,4) (0,5) (0,6) (0,7) (0,8) (0,9) (0,10) (0,11) (0,12) (0,13) (0,14) (0,15) (0,16) (0,17) (0,18) (0,19) (0,20) (0,21) (0,22) (0,23) (0,24) (0,25) (0,26) (0,27) (0,28) (0,29) (0,30) (0,31) (0,32) (0,33) (0,34) (0,35) (0,36) (0,37) (0,38) (0,39) (0,40) (0,41) (0,42) 
Iteration 1:
x: (0,0) 
u: (0,0) (0,1) (0,10) (0,11) (0,12) (0,13) (0,14) (0,15) (0,16) (0,17) (0,18) (0,19) (0,20) (0,21) (0,22) (0,23) (0,24) (0,25) (0,26) (0,27) 
s: (0,0) (0,1) (1,10) (-1,11) (1,12) (-1,13) (1,14) (-1,15) (1,16) (-1,17) (1,18) (-1,19) (1,20) (-1,21) (1,22) (-1,23) (1,24) (-1,25) (1,26) (-1,27) 
phi(u): 0
step size (lambda): 0
step param (mu): 0

temp: (1,0) (0,1) (0,2) (0,3) (0,4) (0,5) (0,6) (0,7) (0,8) (0,9) (0,10) (0,11) (0,12) (0,13) (0,14) (0,15) (0,16) (0,17) (0,18) (0,19) (0,20) (0,21) (0,22) (0,23) (0,24) (0,25) (0,26) (0,27) (0,28) (0,29) (0,30) (0,31) (0,32) (0,33) (0,34) (0,35) (0,36) (0,37) (0,38) (0,39) (0,40) (0,41) (0,42) 
Iteration 2:
x: (0,0) 
u: (0,0) (0,1) (0,10) (0,11) (0,12) (0,13) (0,14) (0,15) (0,16) (0,17) (0,18) (0,19) (0,20) (0,21) (0,22) (0,23) (0,24) (0,25) (0,26) (0,27) 
s: (0,0) (0,1) (1,10) (-1,11) (1,12) (-1,13) (1,14) (-1,15) (1,16) (-1,17) (1,18) (-1,19) (1,20) (-1,21) (1,22) (-1,23) (1,24) (-1,25) (1,26) (-1,27) 
phi(u): 0
step size (lambda): 0
step param (mu): 0

temp: (1,0) (0,1) (0,2) (0,3) (0,4) (0,5) (0,6) (0,7) (0,8) (0,9) (0,10) (0,11) (0,12) (0,13) (0,14) (0,15) (0,16) (0,17) (0,18) (0,19) (0,20) (0,21) (0,22) (0,23) (0,24) (0,25) (0,26) (0,27) (0,28) (0,29) (0,30) (0,31) (0,32) (0,33) (0,34) (0,35) (0,36) (0,37) (0,38) (0,39) (0,40) (0,41) (0,42) 
Iteration 3:
x: (0,0) 
u: (0,0) (0,1) (0,10) (0,11) (0,12) (0,13) (0,14) (0,15) (0,16) (0,17) (0,18) (0,19) (0,20) (0,21) (0,22) (0,23) (0,24) (0,25) (0,26) (0,27) 
s: (0,0) (0,1) (1,10) (-1,11) (1,12) (-1,13) (1,14) (-1,15) (1,16) (-1,17) (1,18) (-1,19) (1,20) (-1,21) (1,22) (-1,23) (1,24) (-1,25) (1,26) (-1,27) 
phi(u): 0
step size (lambda): 0
step param (mu): 0

temp: (1,0) (0,1) (0,2) (0,3) (0,4) (0,5) (0,6) (0,7) (0,8) (0,9) (0,10) (0,11) (0,12) (0,13) (0,14) (0,15) (0,16) (0,17) (0,18) (0,19) (0,20) (0,21) (0,22) (0,23) (0,24) (0,25) (0,26) (0,27) (0,28) (0,29) (0,30) (0,31) (0,32) (0,33) (0,34) (0,35) (0,36) (0,37) (0,38) (0,39) (0,40) (0,41) (0,42) 
Iteration 4:
x: (0,0) 
u: (0,0) (0,1) (0,10) (0,11) (0,12) (0,13) (0,14) (0,15) (0,16) (0,17) (0,18) (0,19) (0,20) (0,21) (0,22) (0,23) (0,24) (0,25) (0,26) (0,27) 
s: (0,0) (0,1) (1,10) (-1,11) (1,12) (-1,13) (1,14) (-1,15) (1,16) (-1,17) (1,18) (-1,19) (1,20) (-1,21) (1,22) (-1,23) (1,24) (-1,25) (1,26) (-1,27) 
phi(u): 0
step size (lambda): 0
step param (mu): 0

temp: (1,0) (0,1) (0,2) (0,3) (0,4) (0,5) (0,6) (0,7) (0,8) (0,9) (0,10) (0,11) (0,12) (0,13) (0,14) (0,15) (0,16) (0,17) (0,18) (0,19) (0,20) (0,21) (0,22) (0,23) (0,24) (0,25) (0,26) (0,27) (0,28) (0,29) (0,30) (0,31) (0,32) (0,33) (0,34) (0,35) (0,36) (0,37) (0,38) (0,39) (0,40) (0,41) (0,42) 
Iteration 5:
x: (0,0) 
u: (0,0) (0,1) (0,10) (0,11) (0,12) (0,13) (0,14) (0,15) (0,16) (0,17) (0,18) (0,19) (0,20) (0,21) (0,22) (0,23) (0,24) (0,25) (0,26) (0,27) 
s: (0,0) (0,1) (1,10) (-1,11) (1,12) (-1,13) (1,14) (-1,15) (1,16) (-1,17) (1,18) (-1,19) (1,20) (-1,21) (1,22) (-1,23) (1,24) (-1,25) (1,26) (-1,27) 
phi(u): 0
step size (lambda): 0
step param (mu): 0

temp: (1,0) (0,1) (0,2) (0,3) (0,4) (0,5) (0,6) (0,7) (0,8) (0,9) (0,10) (0,11) (0,12) (0,13) (0,14) (0,15) (0,16) (0,17) (0,18) (0,19) (0,20) (0,21) (0,22) (0,23) (0,24) (0,25) (0,26) (0,27) (0,28) (0,29) (0,30) (0,31) (0,32) (0,33) (0,34) (0,35) (0,36) (0,37) (0,38) (0,39) (0,40) (0,41) (0,42) 
Iteration 6:
x: (0,0) 
u: (0,0) (0,1) (0,10) (0,11) (0,12) (0,13) (0,14) (0,15) (0,16) (0,17) (0,18) (0,19) (0,20) (0,21) (0,22) (0,23) (0,24) (0,25) (0,26) (0,27) 
s: (0,0) (0,1) (1,10) (-1,11) (1,12) (-1,13) (1,14) (-1,15) (1,16) (-1,17) (1,18) (-1,19) (1,20) (-1,21) (1,22) (-1,23) (1,24) (-1,25) (1,26) (-1,27) 
phi(u): 0
step size (lambda): 0
step param (mu): 0

temp: (1,0) (0,1) (0,2) (0,3) (0,4) (0,5) (0,6) (0,7) (0,8) (0,9) (0,10) (0,11) (0,12) (0,13) (0,14) (0,15) (0,16) (0,17) (0,18) (0,19) (0,20) (0,21) (0,22) (0,23) (0,24) (0,25) (0,26) (0,27) (0,28) (0,29) (0,30) (0,31) (0,32) (0,33) (0,34) (0,35) (0,36) (0,37) (0,38) (0,39) (0,40) (0,41) (0,42) 
Iteration 7:
x: (0,0) 
u: (0,0) (0,1) (0,10) (0,11) (0,12) (0,13) (0,14) (0,15) (0,16) (0,17) (0,18) (0,19) (0,20) (0,21) (0,22) (0,23) (0,24) (0,25) (0,26) (0,27) 
s: (0,0) (0,1) (1,10) (-1,11) (1,12) (-1,13) (1,14) (-1,15) (1,16) (-1,17) (1,18) (-1,19) (1,20) (-1,21) (1,22) (-1,23) (1,24) (-1,25) (1,26) (-1,27) 
phi(u): 0
step size (lambda): 0
step param (mu): 0

temp: (1,0) (0,1) (0,2) (0,3) (0,4) (0,5) (0,6) (0,7) (0,8) (0,9) (0,10) (0,11) (0,12) (0,13) (0,14) (0,15) (0,16) (0,17) (0,18) (0,19) (0,20) (0,21) (0,22) (0,23) (0,24) (0,25) (0,26) (0,27) (0,28) (0,29) (0,30) (0,31) (0,32) (0,33) (0,34) (0,35) (0,36) (0,37) (0,38) (0,39) (0,40) (0,41) (0,42) 
Iteration 8:
x: (0,0) 
u: (0,0) (0,1) (0,10) (0,11) (0,12) (0,13) (0,14) (0,15) (0,16) (0,17) (0,18) (0,19) (0,20) (0,21) (0,22) (0,23) (0,24) (0,25) (0,26) (0,27) 
s: (0,0) (0,1) (1,10) (-1,11) (1,12) (-1,13) (1,14) (-1,15) (1,16) (-1,17) (1,18) (-1,19) (1,20) (-1,21) (1,22) (-1,23) (1,24) (-1,25) (1,26) (-1,27) 
phi(u): 0
step size (lambda): 0
step param (mu): 0

temp: (1,0) (0,1) (0,2) (0,3) (0,4) (0,5) (0,6) (0,7) (0,8) (0,9) (0,10) (0,11) (0,12) (0,13) (0,14) (0,15) (0,16) (0,17) (0,18) (0,19) (0,20) (0,21) (0,22) (0,23) (0,24) (0,25) (0,26) (0,27) (0,28) (0,29) (0,30) (0,31) (0,32) (0,33) (0,34) (0,35) (0,36) (0,37) (0,38) (0,39) (0,40) (0,41) (0,42) 
Iteration 9:
x: (0,0) 
u: (0,0) (0,1) (0,10) (0,11) (0,12) (0,13) (0,14) (0,15) (0,16) (0,17) (0,18) (0,19) (0,20) (0,21) (0,22) (0,23) (0,24) (0,25) (0,26) (0,27) 
s: (0,0) (0,1) (1,10) (-1,11) (1,12) (-1,13) (1,14) (-1,15) (1,16) (-1,17) (1,18) (-1,19) (1,20) (-1,21) (1,22) (-1,23) (1,24) (-1,25) (1,26) (-1,27) 
phi(u): 0
step size (lambda): 0
step param (mu): 0

