-0.005 0 0 0 -0.00714286 0 0 0 0 0 0 0 0 0 0 0 0 0 0 0 0 0 0 0
0 -0.005 0 0 0 -0.00714286 0 0 0 0 0 0 0 0 0 0 0 0 0 0 0 0 0 0
0 0 -0.005 0 0 0 -0.00714286 0 0 0 0 0 0 0 0 0 0 0 0 0 0 0 0 0
0 0 0 -0.005 0 0 0 -0.00714286 0 0 0 0 0 0 0 0 0 0 0 0 0 0 0 0
-1 0 0 0 0 0 0 0 1 0 0 0 0 0 0 0 1 0 0 0 0 0 0 0
1 0 0 0 0 0 0 0 -1 0 0 0 0 0 0 0 -1 0 0 0 0 0 0 0
0 -1 0 0 0 0 0 0 0 1 0 0 0 0 0 0 -1 1 0 0 0 0 0 0
0 1 0 0 0 0 0 0 0 -1 0 0 0 0 0 0 1 -1 0 0 0 0 0 0
0 0 -1 0 0 0 0 0 0 0 1 0 0 0 0 0 0 -1 1 0 0 0 0 0
0 0 1 0 0 0 0 0 0 0 -1 0 0 0 0 0 0 1 -1 0 0 0 0 0
0 0 0 -1 0 0 0 0 0 0 0 1 0 0 0 0 0 0 -1 1 0 0 0 0
0 0 0 1 0 0 0 0 0 0 0 -1 0 0 0 0 0 0 1 -1 0 0 0 0
0 0 0 0 -1 0 0 0 0 0 0 0 1 0 0 0 0 0 0 0 1 0 0 0
0 0 0 0 1 0 0 0 0 0 0 0 -1 0 0 0 0 0 0 0 -1 0 0 0
0 0 0 0 0 -1 0 0 0 0 0 0 0 1 0 0 0 0 0 0 -1 1 0 0
0 0 0 0 0 1 0 0 0 0 0 0 0 -1 0 0 0 0 0 0 1 -1 0 0
0 0 0 0 0 0 -1 0 0 0 0 0 0 0 1 0 0 0 0 0 0 -1 1 0
0 0 0 0 0 0 1 0 0 0 0 0 0 0 -1 0 0 0 0 0 0 1 -1 0
0 0 0 0 0 0 0 -1 0 0 0 0 0 0 0 1 0 0 0 0 0 0 -1 1
0 0 0 0 0 0 0 1 0 0 0 0 0 0 0 -1 0 0 0 0 0 0 1 -1

(-40,0) (-40,1) (-32,2) (-40,3) (10,4) (-10,5)



(6000,8) (6000,9) (4000,10) (6500,11) (4000,12) (2500,13) (3500,14) (4200,15)

