min: +2.4 10022 +10022S +2.9 10024 +10024S +0.559 10025 +0.559 10026 +0.207 10027 +7.05 10028 +0.13 10033 +0.639 10041 +0.362 10043 +2.5 10055 +10055S +2.93 10059 +0.3 10059S +1.82 10077 +0.3 10077S +3.06 10080 +10080S +5.66 10081 +10081S +2.55 10109 +10109S +2.48 10110 +0.2 10110S +0.36 10125 +2.57 10139 +10139S +0.032 10144 +0.053 10150 +2.89 10157 +10157S +2.75 10165 +10165S +1.53 10168 +10168S +10 10176 +3.4 10178 +10178S +17.01 10190 +10190S +0.038 10191 +8.63 10192 +0.2 10192S +2.16 10195 +0.3 10195S +2.88 10302 +10302S +5.27 10303 +10303S +2.85 10325 +10325S +0.244 10340 +3.59 10400 +5.34 10412 +10412S +100 10427 +5.45 10446 +5.4 10448 +0.2 10448S +0.211 10460 +2.63 10470 +0.2 10470S +2.79 10477 +10477S +0.093 10490 +1.54 10495 +0.3 10495S +0.114 10496 +2.83 10545 +3.38 10548 +0.3 10548S +0.64 10605 +45 10620 +3.63 10623 +10623S +109 10625 +17.75 10635 +4.73 10812 +0.82 10824 +1.68 10827 +0.101 10835 +16.35 10842 +10 10842S +5.39 10854 +10854S +5.89 10857 +2.59 10861 +10861S +11 10884 +4.65 10917 +10917S +0.13 10919 +0.094 10922 +0.1 10940 +0.048 10943 +0.029 10945 +0.186 10947 +8.22 10974 +0.188 10981 +0.054 10990;
50022: +0.05 10022 -0.05 10022S <               30;
50024: +0.05 10024 -0.05 10024S <               66;
50028: +0.05 10028 -0.05 10028S <               37;
50055: +0.05 10055 -0.05 10055S <              487;
50059: +0.05 10059 -0.05 10059S <               35;
50077: +0.05 10077 -0.05 10077S <               13;
50080: +0.05 10080 -0.05 10080S <              103;
50081: +0.05 10081 -0.05 10081S <               70;
50109: +0.05 10109 -0.05 10109S <               45;
50110: +0.05 10110 -0.05 10110S <               38;
50139: +0.05 10139 -0.05 10139S <               22;
50157: +0.05 10157 -0.05 10157S <               63;
50165: +0.05 10165 -0.05 10165S <              144;
50168: +0.05 10168 -0.05 10168S <               56;
50178: +0.05 10178 -0.05 10178S <              128;
50190: +0.05 10190 -0.05 10190S <               37;
50192: +0.05 10192 -0.05 10192S <               50;
50195: +0.05 10195 -0.05 10195S <               24;
50302: +0.05 10302 -0.05 10302S <              114;
50303: +0.05 10303 -0.05 10303S <               47;
50325: +0.05 10325 -0.05 10325S <              296;
50412: +0.05 10412 -0.05 10412S <               13;
50448: +0.05 10448 -0.05 10448S <               59;
50470: +0.05 10470 -0.05 10470S <              573;
50477: +0.05 10477 -0.05 10477S <               31;
50495: +0.05 10495 -0.05 10495S <             1283;
50545: +0.05 10545 -0.05 10545S <              148;
50548: +0.05 10548 -0.05 10548S <               32;
50623: +0.05 10623 -0.05 10623S <               21;
50842: +0.05 10842 -0.05 10842S <                7;
50854: +0.05 10854 -0.05 10854S <              321;
50861: +0.05 10861 -0.05 10861S <               54;
50917: +0.05 10917 -0.05 10917S <               41;
51022: -10022 +0.05 93801 +0.185 96331 +0.08 96332 +0.185 9633C4 +0.23 96341 +0.18 96342 +0.18 97151 +0.12 97152 =                0;
51024: -10024 +0.015 9101C3 +0.015 91111 +0.015 91112 +0.015 9111C3 +0.0275 91381 +0.03 91382 +0.0275 9138C1 +0.04 91551 +0.04 91552 +0.085 91561 +0.03 91581 +0.025 91611 +0.025 91612 +0.025 91661 +0.025 91662 +0.05 91721 +0.0375 91731 +0.02 90101 +0.02 90102 +0.02 9010C3 +0.0175 90121 +0.02 90122 +0.0175 9012C1 +0.02 90221 +0.015 90222 +0.02 9022C1 +0.0175 9022C3 +0.02 90321 +0.025 90322 +0.02 9032C3 +0.015 91011 +0.015 91012 +0.015 9101C1 +0.01 92021 +0.01 92022 +0.01 9202C3 +0.01 92211 +0.01 92212 +0.015 9221C3 +0.015 92421 +0.01 92422 +0.015 9242C3 +0.0025 92461 +0.01 92521 +0.01 92522 +0.01 9252C1 +0.01 92801 +0.02 93301 +0.0225 93401 +0.025 93402 +0.0125 93611 +0.0125 93612 +0.0125 9361C3 +0.0375 93621 +0.0375 93631 +0.04 93632 +0.0275 94021 +0.0275 94022 +0.0275 9402C1 +0.02 94221 +0.02 94222 +0.02 9422C3 +0.0275 94411 +0.0275 94412 +0.0275 9441C1 +0.0275 9441C3 +0.0375 94511 +0.04 94512 +0.02 94631 +0.02 94632 +0.02 9463C1 +0.03 94751 +0.025 94901 +0.025 94902 +0.025 9490C3 +0.005 94941 +0.01 94942 +0.02 94961 +0.02 94962 +0.025 9496C3 +0.005 94971 +0.005 94972 +0.01 95401 +0.015 95402 +0.01 9540C4 +0.01 96321 +0.02 96322 +0.02 96361 +0.02 96362 +0.02 9636C4 +0.01 97251 +0.01 97252 +0.04 97271 +0.06 97291 +0.06 97292 +0.05 97311 +0.05 97312 +0.2 97501 +0.25 97711 =                0;
51025: -100 10025 +22.7 9202C3 +22.7 92421 +0.227 92422 +22.7 9242C3 +22.7 92461 +22.7 92521 +0.227 92522 +22.7 9252C1 +22.7 92801 =                0;
51026: -100 10026 +14.5 90101 +14.5 90102 +14.5 9010C3 +22.7 92801 =                0;
51027: -100 10027 +22.7 95631 =                0;
51028: -10028 +0.0025 9101C3 +0.0025 91111 +0.0025 91112 +0.0025 9111C3 +0.0025 91381 +0.0075 91382 +0.0025 9138C1 +0.0025 91551 +0.0025 91552 +0.0025 91561 +0.0025 91581 +0.0025 91611 +0.0025 91612 +0.0025 91661 +0.0025 91662 +0.0025 91721 +0.005 91731 +0.0025 90101 +0.0075 90102 +0.005 9010C3 +0.0025 90121 +0.0025 90122 +0.0025 9012C1 +0.0025 90221 +0.0025 90222 +0.0025 9022C1 +0.0025 9022C3 +0.0025 90321 +0.005 90322 +0.0025 9032C3 +0.0025 91011 +0.0025 91012 +0.0025 9101C1 +0.0175 92021 +0.025 92022 +0.0275 9202C3 +0.0225 92211 +0.025 92212 +0.025 9221C3 +0.01 92421 +0.0125 92422 +0.01 9242C3 +0.0225 92461 +0.0125 92521 +0.02 92522 +0.0125 9252C1 +0.02 92801 +0.0075 93301 +0.005 93401 +0.005 93402 +0.0475 93611 +0.0525 93612 +0.0525 9361C3 +0.0025 93621 +0.005 93631 +0.005 93632 +0.0075 94021 +0.005 94022 +0.0075 9402C1 +0.005 94221 +0.0075 94222 +0.005 9422C3 +0.0025 94411 +0.0025 94412 +0.0025 9441C1 +0.0025 9441C3 +0.005 94511 +0.005 94512 +0.0025 94631 +0.005 94632 +0.0025 9463C1 +0.005 94751 +0.0075 94941 +0.005 94942 +0.01 97211 +0.01 97292 =                0;
51033: -100 10033 +8.2 9101C3 +8.2 91111 +8.2 91112 +8.2 9111C3 +8.2 91611 +8.2 91612 +8.2 91661 +8.2 91662 +8.2 91011 +8.2 91012 +8.2 9101C1 +8.2 97211 +8.3 97231 +8.3 97232 +8.2 97251 +8.2 97252 =                0;
51041: -100 10041 +90.7 92801 +90.7 93401 +90.7 93402 +18.15 96321 +18.14 96322 +36.3 97211 +4.7 97311 +4.7 97312 =                0;
51043: -100 10043 +4.6 91581 +2.3 90101 +2.3 90102 +2.3 9010C3 +2.3 90121 +2.3 90122 +2.3 9012C1 +2.3 90221 +2.3 90222 +2.3 9022C1 +2.3 9022C3 +2.3 90322 +2.3 92021 +2.3 92022 +2.3 9202C3 +2.3 92211 +2.3 92212 +2.3 9221C3 +2.3 92421 +2.3 92422 +2.3 9242C3 +2.3 92461 +2.3 92521 +2.3 92522 +2.3 9252C1 +6.8 93611 +6.8 93612 +6.8 9361C3 +11.3 93621 +2.3 94021 +2.3 94022 +2.3 9402C1 +2.3 94221 +2.3 94222 +2.3 9422C3 +2.3 94411 +2.3 94412 +2.3 9441C1 +2.3 9441C3 +2.3 94631 +2.3 94632 +2.3 9463C1 +11.5 94751 +11.3 97231 +11.4 97232 +5.7 97251 +5.7 97252 +45.4 97271 +22.7 97292 =                0;
51055: -10055 +0.09 9101C3 +0.0275 9111C3 +0.0025 91381 +0.0025 91382 +0.0025 9138C1 +0.0025 91581 +0.0025 91611 +0.0025 91612 +0.0025 91661 +0.0025 90101 +0.1175 90102 +0.1275 9010C3 +0.0025 90121 +0.1 90122 +0.25 9012C1 +0.1275 90221 +0.0325 90222 +0.1275 9022C1 +0.215 9022C3 +0.0025 90321 +0.0925 90322 +0.25 9032C3 +0.0025 91011 +0.0025 91012 +0.0025 9101C1 +0.0025 92421 +0.0025 92422 +0.0025 9242C3 +0.0025 92461 +0.0025 92521 +0.025 92522 +0.0025 9252C1 +0.0025 93301 +0.075 93711 +0.075 93801 +0.0025 94221 +0.05 94222 +0.0575 9422C3 +0.0025 94411 +0.0025 94412 +0.0025 9441C1 +0.0025 9441C3 +0.0025 94511 +0.0025 94512 +0.0025 94631 +0.0025 94632 +0.0025 9463C1 +0.025 94901 +0.005 94902 +0.0625 9490C3 +0.025 94941 +0.025 94942 +0.025 94961 +0.025 94962 +0.3 9496C3 +0.005 94971 +0.025 94972 +0.0025 95401 +0.0025 95402 +0.0025 9540C4 +0.0025 96011 +0.0025 96012 +0.0025 9601C4 +0.0025 96021 +0.0025 96022 +0.0025 9602C2 +0.0025 9602C4 +0.02 96081 +0.0025 96082 +0.05 9608C2 +0.05 9608C4 +0.02 96091 +0.02 96092 +0.05 9609C2 +0.05 9609C4 +0.0025 96101 +0.0025 96102 +0.08 9610C2 +0.08 9610C4 +0.0715 96151 +0.01 96152 +0.1015 9615C2 +0.1015 9615C4 +0.0025 96251 +0.0025 96252 +0.0025 9625C2 +0.0025 9625C4 +0.0025 96301 +0.0025 96302 +0.0025 9630C2 +0.0025 9630C4 +0.0025 96321 +0.0025 96322 +0.02 96331 +0.06 96332 +0.02 9633C4 +0.0025 96361 +0.0025 96362 +0.0025 9636C4 +0.0025 97121 +0.0025 97122 +0.06 97251 +0.26 97252 +0.0025 97311 +0.1 97312 +0.05 97501 +0.1825 97711 =                0;
51059: -10059 =                0;
51077: -10077 +0.0025 9101C3 +0.0025 91111 +0.0025 91112 +0.0025 9111C3 +0.0025 91381 +0.0025 91382 +0.0025 9138C1 +0.0075 91551 +0.0075 91552 +0.0075 91561 +0.005 91581 +0.0025 91611 +0.0025 91612 +0.0025 91661 +0.0025 91662 +0.0125 91721 +0.01 91731 +0.0025 90101 +0.0025 90102 +0.0025 9010C3 +0.0025 90121 +0.0025 90122 +0.0025 9012C1 +0.0025 90221 +0.0025 90222 +0.0025 9022C1 +0.0025 9022C3 +0.0025 90321 +0.0025 90322 +0.0025 9032C3 +0.0025 91011 +0.0025 91012 +0.0025 9101C1 +0.0025 92021 +0.0025 92022 +0.0025 9202C3 +0.0025 92211 +0.0025 92212 +0.0025 9221C3 +0.0025 92421 +0.0025 92422 +0.0025 9242C3 +0.0025 92461 +0.0025 92521 +0.0025 92522 +0.0025 9252C1 +0.0025 92801 +0.0025 93301 +0.0025 93401 +0.0025 93402 +0.0075 93611 +0.0075 93612 +0.0075 9361C3 +0.015 93621 +0.01 93631 +0.01 93632 +0.005 94021 +0.005 94022 +0.005 9402C1 +0.005 94221 +0.005 94222 +0.005 9422C3 +0.0025 94411 +0.0025 94412 +0.0025 9441C1 +0.0025 9441C3 +0.005 94511 +0.005 94512 +0.0025 94631 +0.0025 94632 +0.0025 9463C1 +0.01 94751 +0.005 94901 +0.005 94902 +0.005 9490C3 +0.005 94941 +0.005 94942 +0.0025 94961 +0.0025 94962 +0.0025 9496C3 +0.0025 94971 +0.0025 94972 +0.0025 97711 =                0;
51080: -10080 +0.0025 96251 +0.0025 96252 +0.0025 9625C2 +0.0025 9625C4 +0.0025 96301 +0.0025 96302 +0.0025 9630C2 +0.0025 9630C4 +0.05 96321 +0.05 96322 +0.02 96331 +0.07 96332 +0.02 9633C4 +0.02 97151 +0.03 97152 +0.04 97501 +999080 =                0;
51081: -10081 +0.005 93401 +0.025 94751 +0.0225 95401 +0.015 95402 +0.0225 9540C4 +0.75 95631 +0.0125 96011 +0.01 96012 +0.0125 9601C4 +0.0125 96021 +0.01 96022 +0.0125 9602C2 +0.0125 9602C4 +0.0125 96081 +0.01 96082 +0.0125 9608C2 +0.0125 9608C4 +0.01 96091 +0.0125 96092 +0.0125 9609C2 +0.0125 9609C4 +0.01 96101 +0.01 96102 +0.01 9610C2 +0.01 9610C4 +0.0105 96151 +0.015 96152 +0.0105 9615C2 +0.0105 9615C4 +0.01 96251 +0.01 96252 +0.0075 9625C2 +0.0075 9625C4 +0.0075 96301 +0.015 96302 +0.0075 9630C2 +0.0075 9630C4 +0.0075 96321 +0.01 96322 +0.0225 96331 +0.01 96332 +0.0225 9633C4 +0.0075 96341 +0.0075 96342 +0.01 96361 +0.01 96362 +0.01 9636C4 +0.0125 96501 +0.06 96502 +0.015 96521 +0.02 96522 +0.0175 96531 +0.0175 96532 +0.08 96541 +0.08 96542 +0.0275 96551 +0.03 96552 +0.01 97121 +0.01 97122 +0.0075 97151 +0.0075 97152 +0.015 97211 +0.01 97232 +0.0075 97251 +0.0075 97252 +0.0175 97271 +0.0175 97291 +0.0175 97292 +0.01 97311 +0.01 97312 =                0;
51109: -10109 +0.005 96011 +0.005 9601C4 +0.0525 96022 +0.0375 96081 +0.0175 96082 +0.0375 9608C2 +0.0375 9608C4 +0.0175 96091 +0.0025 96092 +0.0025 9609C2 +0.0025 9609C4 +0.04 96101 +0.0325 96102 +0.04 9610C2 +0.04 9610C4 +0.045 96151 +0.015 96152 +0.045 9615C2 +0.045 9615C4 +0.055 96251 +0.08 96252 +0.14 9625C2 +0.14 9625C4 +0.1475 96301 +0.0025 96302 +0.115 9630C2 +0.115 9630C4 +0.0025 96361 +0.06 96362 +0.0025 9636C4 +0.0025 96521 +0.0025 96522 =                0;
51110: -10110 +0.035 90221 +0.035 9022C1 +0.0425 9022C3 +0.1 95401 +0.07 95402 +0.1 9540C4 +0.0025 96011 +0.0025 9601C4 +0.0025 96021 +0.0025 96022 +0.0025 9602C2 +0.0025 9602C4 +0.0525 96081 +0.05 96082 +0.0525 9608C2 +0.0525 9608C4 +0.08 96091 +0.12 96092 +0.12 9609C2 +0.12 9609C4 +0.0313 96101 +0.0513 96102 +0.0313 9610C2 +0.0313 9610C4 +0.17 96151 +0.116 96152 +0.17 9615C2 +0.17 9615C4 +0.125 96251 +0.0625 96252 +0.0025 9625C2 +0.0025 9625C4 +0.0025 96301 +0.0525 96302 +0.0025 9630C2 +0.0025 9630C4 +0.05 96321 +0.05 96322 +0.18 96331 +0.3747 96332 +0.18 9633C4 +0.16 96341 +0.1 96342 +0.0375 96361 +0.0025 96362 +0.0375 9636C4 +0.1 96501 +0.2 96502 +0.15 96521 +0.0025 96522 +0.0775 96531 +0.1 96532 +0.1675 96541 +0.1675 96542 +0.15 96551 +0.0025 96552 +0.12 97121 +0.1 97122 +0.1943 97151 +0.1 97152 +0.07 97501 =                0;
51125: -10125 +0.065 9101C3 +0.0575 91111 +0.06 91112 +0.0675 9111C3 +0.0425 91381 +0.065 91382 +0.06 9138C1 +0.2 91551 +0.2025 91552 +0.1875 91561 +0.01 91581 +0.07 91611 +0.055 91612 +0.055 91661 +0.06 91662 +0.1 91721 +0.0025 91731 +0.0025 90101 +0.0025 90102 +0.0025 90121 +0.0075 90122 +0.0025 9012C1 +0.015 90221 +0.015 90222 +0.015 9022C1 +0.015 9022C3 +0.0125 90321 +0.0275 90322 +0.0075 9032C3 +0.065 91011 +0.0525 91012 +0.065 9101C1 +0.05 9221C3 +0.0025 92421 +0.01 92422 +0.0025 9242C3 +0.005 92461 +0.005 92522 +0.0025 9252C1 +0.0175 93301 +0.0025 93402 +0.0025 93611 +0.015 93612 +0.0125 9361C3 +0.09 93621 +0.2025 93631 +0.185 93632 +0.0025 94222 +0.005 94411 +0.0025 94412 +0.005 9441C1 +0.0025 9441C3 +0.03 94511 +0.0325 94512 +0.055 94901 +0.045 94902 +0.05 9490C3 +0.0125 94961 +0.015 94962 +0.015 9496C3 +0.0025 95401 +0.0025 9540C4 +0.005 96011 +0.0075 96012 +0.005 9601C4 +0.0025 96022 +0.0025 96081 +0.0025 96082 +0.0025 9608C2 +0.0025 9608C4 +0.0025 96091 +0.0025 96092 +0.0025 9609C2 +0.0025 9609C4 +0.0063 96101 +0.0063 96102 +0.0063 9610C2 +0.0063 9610C4 +0.0045 96151 +0.0045 96152 +0.0045 9615C2 +0.0045 9615C4 +0.0025 96251 +0.005 96252 +0.0025 9625C2 +0.0025 9625C4 +0.0075 96301 +0.005 96302 +0.0075 9630C2 +0.0075 9630C4 +0.0087 96321 +0.005 96322 +0.0125 96341 +0.0125 96342 +0.0125 96361 +0.0125 96362 +0.0125 9636C4 +0.0325 96501 +0.0025 96502 +0.035 96521 +0.0325 96522 +0.035 96531 +0.0225 96532 +0.0025 96541 +0.0025 96542 +0.04 96551 +0.04 96552 +0.0025 97151 +0.0025 97152 +0.005 97231 +0.0025 97251 +0.0025 97252 +0.0325 97271 +0.0275 97291 +0.0275 97292 +0.0075 97501 =                0;
51139: -10139 +0.05 91381 +0.05 91382 +0.05 9138C1 +0.05 92021 +0.05 92022 +0.05 9202C3 +0.05 92211 +0.05 92212 +0.05 92421 +0.05 92422 +0.05 9242C3 +0.05 92461 +0.05 92521 +0.05 92522 +0.05 9252C1 +0.05 92801 +0.05 93401 +0.05 94221 +0.05 94222 +0.05 9422C3 +0.05 94411 +0.05 94412 +0.05 9441C1 +0.05 9441C3 +0.05 94511 +0.1 94631 +0.05 94632 +0.1 9463C1 +0.05 94901 +0.05 94902 +0.05 9490C3 +0.1 94941 +0.1 94942 +0.05 94971 +0.1 94972 +0.02 95401 +0.02 9540C4 +0.02 96011 +0.06 96012 +0.02 9601C4 +0.1 96021 +0.02 96022 +0.1 9602C2 +0.1 9602C4 +0.08 96251 +0.05 96252 +0.1 9625C2 +0.1 9625C4 +0.0025 96301 +0.0025 96302 +0.025 9630C2 +0.025 9630C4 +0.02 96361 +0.02 96362 +0.02 9636C4 +0.05 97151 +0.08 97152 +0.2 97251 =                0;
51144: -100 10144 +23 9101C3 +2.9 91112 +20 91381 +23.1 91382 +13.4 9138C1 +56.4 91551 +57.4 91552 +65.2 91561 +14 91581 +13.1 91611 +8.2 91612 +3.6 91661 +18 91662 +38 91721 +42.1 91731 +75.1 90101 +22.3 90102 +27.6 9010C3 +6.6 90122 +5 90321 +15.4 90322 +10.6 9032C3 +19.7 91011 +27.7 91012 +23 9101C1 +70.5 92021 +53.1 92022 +63.1 9202C3 +81 92211 +68.6 92212 +80.3 9221C3 +30.1 92421 +31 92422 +30.3 9242C3 +9.8 92461 +43.9 92521 +42.4 92522 +37.6 9252C1 +100 92801 +69.7 93301 +106.8 93401 +86.1 93402 +177.8 93611 +142.1 93612 +124.4 9361C3 +52 93621 +42.1 93631 +119.9 93632 +91.9 94021 +101.2 94022 +91.9 9402C1 +76.7 94221 +71.3 94222 +69.1 9422C3 +58.5 94411 +59.5 94412 +58.5 9441C1 +62.6 9441C3 +64.2 94511 +63.1 94512 +61.4 94631 +52.9 94632 +61.4 9463C1 +294.8 94751 +23.2 94901 +35.4 94902 +36.4 9490C3 +24.6 94961 +14.5 94962 +0.12 97501 +54.5 97711 =                0;
51150: -100 10150 +68 92801 +34 93401 +68 93402 =                0;
51157: -10157 +0.2977 9101C3 +0.3184 91111 +0.5083 91112 +0.3882 9111C3 +0.0326 91381 +0.0528 9138C1 +0.1929 91611 +0.2082 91612 +0.2703 91661 +0.5027 91662 +0.2191 90101 +0.3147 90102 +0.3293 9010C3 +0.1112 90122 +0.1762 90222 +0.0511 9032C3 +0.2302 91011 +0.1405 91012 +0.2302 9101C1 +0.471 92021 +0.5386 92022 +0.4348 9202C3 +0.4559 92211 +0.5806 92212 +0.5033 9221C3 +0.6315 92421 +0.7214 92422 +0.6662 9242C3 +0.1389 92461 +0.5007 92521 +0.5507 92522 +0.5729 9252C1 +0.5663 92801 +0.2616 93301 +0.253 93401 +0.4225 93402 +0.75 93711 +0.565 93801 +0.3798 94021 +0.3778 94022 +0.3798 9402C1 +0.4189 94221 +0.4593 94222 +0.4789 9422C3 +0.4047 94411 +0.2772 94412 +0.4047 9441C1 +0.4322 9441C3 +0.4055 94511 +0.5336 94512 +0.3568 94631 +0.7095 94632 +0.3568 9463C1 +0.3167 94941 +0.3493 94942 +0.3036 94971 +0.3562 94972 +0.09 96101 +0.13 96102 +0.09 9610C2 +0.09 9610C4 +0.08 96151 +0.08 96152 +0.08 9615C2 +0.08 9615C4 +0.1604 96321 +0.21 96322 +0.05 97121 +0.05 97122 +0.6341 97211 +0.5727 97231 +0.01 97312 +0.1159 97501 +999157 =                0;
51165: -10165 +0.3 9101C3 +0.15 91111 +0.15 9111C3 +0.25 91381 +0.2727 91382 +0.25 9138C1 +0.3 91611 +0.3 91612 +0.2 91661 +0.2 90101 +0.2 90102 +0.2 9010C3 +0.3114 90121 +0.3 90122 +0.3013 9012C1 +0.1983 90221 +0.25 90222 +0.1983 9022C1 +0.3309 9022C3 +0.171 90321 +0.15 90322 +0.25 9032C3 +0.3 91011 +0.3 91012 +0.3 9101C1 +0.1 9202C3 +0.0725 92211 +0.1 9221C3 +0.07 92421 +0.0525 9242C3 +0.025 92521 +0.045 9252C1 +0.0625 94221 +0.1 94222 +0.1 9422C3 +0.2 94411 +0.2 94412 +0.2 9441C1 +0.2 9441C3 +0.1 94511 +0.345 94631 +0.345 9463C1 +0.329 94901 +0.3734 94902 +0.3861 9490C3 +0.13 94941 +0.1975 94942 +0.4727 94961 +0.5189 94962 +0.231 9496C3 +0.2625 94971 +0.225 94972 +0.0025 95401 +0.21 95402 +0.0025 9540C4 +0.0022 96011 +0.123 96012 +0.0022 9601C4 +0.0047 96021 +0.0025 96022 +0.0547 9602C2 +0.0547 9602C4 +0.0072 96081 +0.095 96082 +0.0072 9608C2 +0.0072 9608C4 +0.15 96091 +0.0047 96092 +0.0047 9609C2 +0.0047 9609C4 +0.0785 96101 +0.0784 96102 +0.0785 9610C2 +0.0783 9610C4 +0.0013 96151 +0.0945 96152 +0.0013 9615C2 +0.0013 9615C4 +0.0022 96251 +0.0025 96252 +0.0947 9625C2 +0.0947 9625C4 +0.0047 96301 +0.0022 96302 +0.1372 9630C2 +0.1372 9630C4 +0.1972 96331 +0.197 9633C4 +0.135 96341 +0.155 96342 +0.0022 96361 +0.0025 96362 +0.0022 9636C4 +0.1476 97121 +0.1476 97122 +0.1551 97151 +0.2294 97152 +0.6024 97232 +0.3317 97251 +0.1017 97252 +0.226 97311 =                0;
51168: -10168 =                0;
51176: -10176 =                0;
51178: -10178 +0.09 95401 +0.08 95402 +0.09 9540C4 +0.1725 96011 +0.19 96012 +0.1725 9601C4 +0.175 96021 +0.0425 96022 +0.175 9602C2 +0.175 9602C4 +0.2 96081 +0.12 96082 +0.2 9608C2 +0.2 9608C4 +0.15 96091 +0.2 96092 +0.2 9609C2 +0.2 9609C4 +0.115 96101 +0.14 96102 +0.115 9610C2 +0.115 9610C4 +0.0015 96151 +0.0675 96152 +0.0015 9615C2 +0.0015 9615C4 +0.0025 96251 +0.0025 96252 +0.0025 9625C2 +0.0025 9625C4 +0.0025 96301 +0.0025 96302 +0.0025 9630C2 +0.0025 9630C4 +0.2 96361 +0.025 96362 +0.2 9636C4 +0.1875 96501 +0.205 96502 +0.0025 96521 +0.0025 96522 +0.3 96531 +0.3 96532 +0.12 96541 +0.12 96542 +0.0025 96551 +0.0025 96552 =                0;
51190: -10190 +0.0025 91381 +0.0025 91382 +0.0025 9138C1 +0.0025 91551 +0.0025 91552 +0.0075 91561 +0.005 91581 +0.0025 91611 +0.0025 91612 +0.0025 91661 +0.0025 91662 +0.005 91721 +0.0025 91731 +0.0025 90101 +0.0025 90102 +0.0025 9010C3 +0.0025 90121 +0.0025 90122 +0.0025 9012C1 +0.0025 90221 +0.0025 90222 +0.0025 9022C1 +0.0025 9022C3 +0.005 90321 +0.005 90322 +0.005 9032C3 +0.0025 92021 +0.0025 92022 +0.0025 9202C3 +0.0025 92211 +0.0025 92212 +0.0025 9221C3 +0.0025 92421 +0.0025 92422 +0.0025 9242C3 +0.0025 92461 +0.005 92521 +0.005 92522 +0.005 9252C1 +0.0025 92801 +0.0025 93301 +0.0025 93401 +0.0025 93402 +0.0075 93611 +0.0075 93612 +0.0075 9361C3 +0.005 93621 +0.0025 93631 +0.0025 93632 +0.0025 94021 +0.0025 94022 +0.0025 9402C1 +0.0025 94221 +0.0025 94222 +0.0025 9422C3 +0.0025 94411 +0.0025 94412 +0.0025 9441C1 +0.0025 9441C3 +0.0025 94511 +0.0025 94512 +0.0075 94751 +0.057 97501 =                0;
51191: -100 10191 +22.7 9101C3 +22.7 91111 +22.7 91112 +22.7 9111C3 +22.7 91011 +22.7 91012 +22.7 9101C1 +22.7 94631 +22.7 94632 +22.7 9463C1 +34.1 94901 +34.1 94902 +34.1 9490C3 +22.7 94941 +22.7 94942 +22.7 94971 +22.7 94972 =                0;
51192: -10192 +0.005 9101C3 +0.03 91111 +0.0025 91112 +0.0025 9111C3 +0.005 91381 +0.005 91382 +0.005 9138C1 +0.0125 91551 +0.0125 91552 +0.04 91561 +0.025 91611 +0.025 91612 +0.025 91661 +0.025 91662 +0.02 91721 +0.065 91731 +0.09 90101 +0.025 90102 +0.02 9010C3 +0.015 90121 +0.005 90122 +0.005 9012C1 +0.005 90221 +0.005 9022C1 +0.0025 9022C3 +0.0025 90321 +0.0025 90322 +0.0025 9032C3 +0.005 91011 +0.0475 91012 +0.005 9101C1 +0.08 92021 +0.03 92022 +0.03 9202C3 +0.095 92211 +0.02 92212 +0.0625 9221C3 +0.025 92421 +0.005 92461 +0.0575 92521 +0.02 92522 +0.02 9252C1 +0.025 92801 +0.005 93301 +0.01 93401 +0.01 93402 +0.07 93611 +0.04 93612 +0.04 9361C3 +0.0475 93621 +0.065 93631 +0.0275 93632 +0.025 94021 +0.085 94022 +0.025 9402C1 +0.0325 94221 +0.025 94222 +0.02 9422C3 +0.0375 94412 +0.04 94511 +0.05 94512 +0.02 94751 +0.015 94901 +0.015 94902 +0.015 9490C3 +0.01 94941 +0.01 94942 +0.01 94961 +0.01 94962 +0.01 9496C3 +0.0025 94971 +0.0025 94972 +0.025 97211 +0.015 97231 +0.01 97232 +0.005 97251 +0.005 97252 +0.01 97271 +0.0025 97291 +0.02 97292 +0.02 97311 +0.02 97312 =                0;
51195: -10195 +0.005 95401 +0.005 95402 +0.005 9540C4 +0.2 95631 +0.0025 96011 +0.0025 96012 +0.0025 9601C4 +0.0025 96021 +0.0025 96022 +0.0025 9602C2 +0.0025 9602C4 +0.0025 96081 +0.0025 96082 +0.0025 9608C2 +0.0025 9608C4 +0.0025 96091 +0.0025 96092 +0.0025 9609C2 +0.0025 9609C4 +0.0025 96101 +0.0025 96102 +0.0025 9610C2 +0.0025 9610C4 +0.003 96151 +0.003 96152 +0.003 9615C2 +0.003 9615C4 +0.0025 96251 +0.0025 96252 +0.0025 9625C2 +0.0025 9625C4 +0.0025 96301 +0.0025 96302 +0.0025 9630C2 +0.0025 9630C4 +0.005 96321 +0.005 96322 +0.005 96331 +0.005 96332 +0.005 9633C4 +0.0025 96341 +0.0025 96342 +0.005 96361 +0.005 96362 +0.005 9636C4 +0.005 96501 +0.0075 96502 +0.005 96521 +0.005 96522 +0.005 96531 +0.005 96532 +0.01 96541 +0.01 96542 +0.0075 96551 +0.0075 96552 +0.0075 97121 +0.0075 97122 +0.005 97151 +0.005 97152 +0.005 97211 +0.005 97231 +0.005 97232 +0.0025 97251 +0.0025 97252 +0.01 97271 +0.01 97291 +0.01 97292 +0.005 97311 +0.005 97312 +0.005 97501 =                0;
51302: -10302 +0.1175 91551 +0.2 91581 +0.1 90121 +0.0525 90122 +0.1 9012C1 +0.035 90221 +0.065 90222 +0.035 9022C1 +0.02 9022C3 +0.0225 90321 +0.1 90322 +0.1 9032C3 +0.025 93801 +0.025 94022 +0.0075 94222 +0.085 94901 +0.005 94902 +0.025 9490C3 +0.0175 94961 +0.1 94962 +0.015 9496C3 +0.11 95401 +0.11 9540C4 +0.0025 96011 +0.0725 96012 +0.0025 9601C4 +0.0025 96021 +0.0025 96022 +0.0025 9602C2 +0.0025 9602C4 +0.2 96081 +0.0625 96082 +0.2 9608C2 +0.2 9608C4 +0.0425 96091 +0.155 96092 +0.155 9609C2 +0.155 9609C4 +0.0813 96101 +0.0812 96102 +0.0813 9610C2 +0.0813 9610C4 +0.045 96151 +0.0015 96152 +0.045 9615C2 +0.045 9615C4 +0.0025 96251 +0.0025 96252 +0.0025 9625C2 +0.0025 9625C4 +0.0025 96301 +0.0025 96302 +0.0025 9630C2 +0.0025 9630C4 +0.06 96341 +0.06 96342 +0.0025 96361 +0.0025 96362 +0.0025 9636C4 +0.25 96501 +0.3 96502 +0.2925 96521 +0.0075 96522 +0.3 96531 +0.05 96532 +0.0025 96541 +0.0025 96542 +0.3 96551 +0.1925 96552 =                0;
51303: -10303 +0.0125 9101C3 +0.005 91381 +0.02 91382 +0.1275 90101 +0.0025 90102 +0.0025 9010C3 +0.0125 90121 +0.0025 90122 +0.0025 9012C1 +0.0575 90322 +0.0225 9032C3 +0.01 91011 +0.035 91012 +0.01 9101C1 +0.0725 92021 +0.02 92022 +0.035 9202C3 +0.07 92211 +0.05 92212 +0.0575 9221C3 +0.0325 92421 +0.03 92422 +0.0325 9242C3 +0.0025 92461 +0.03 92521 +0.03 92522 +0.095 92801 +0.095 93301 +0.075 93401 +0.0025 93402 +0.1875 93611 +0.1025 93612 +0.065 9361C3 +0.0025 93621 +0.02 93632 +0.055 94021 +0.0775 94022 +0.055 9402C1 +0.0325 94221 +0.0275 94222 +0.0025 9422C3 +0.05 94411 +0.06 94412 +0.05 9441C1 +0.0475 9441C3 +0.0375 94631 +0.045 94632 +0.0375 9463C1 +0.03 94751 +0.02 94941 +0.015 94962 +0.0125 94971 +0.01 97501 =                0;
51325: -10325 +0.035 9101C3 +0.2 91111 +0.15 91112 +0.095 9111C3 +0.3 91381 +0.2575 91382 +0.2675 9138C1 +0.075 91581 +0.2275 91611 +0.2275 91612 +0.2 91661 +0.15 91662 +0.2 90101 +0.3 90121 +0.1025 90122 +0.15 9012C1 +0.205 90221 +0.205 9022C1 +0.3 90321 +0.2985 90322 +0.19 91011 +0.3 91012 +0.19 9101C1 +0.08 92021 +0.1 92211 +0.0275 92421 +0.16 92461 +0.1 92521 +0.15 93301 +0.2 93401 +0.15 94221 +0.04 94411 +0.2 94412 +0.04 9441C1 +0.025 94632 +0.1 94901 +0.0425 94902 +0.1 94941 +0.1 94971 +0.01 95401 +0.01 95402 +0.01 9540C4 +0.1492 96011 +0.0025 96012 +0.1492 9601C4 +0.075 96021 +0.25 96022 +0.025 9602C2 +0.025 9602C4 +0.055 96081 +0.185 96082 +0.055 9608C2 +0.055 9608C4 +0.115 96091 +0.115 96092 +0.115 9609C2 +0.115 9609C4 +0.0086 96101 +0.0012 96102 +0.0086 9610C2 +0.0086 9610C4 +0.075 96151 +0.0015 96152 +0.075 9615C2 +0.075 9615C4 +0.25 96251 +0.25 96252 +0.0025 9625C2 +0.0025 9625C4 +0.25 96301 +0.1925 96302 +0.0025 9630C2 +0.0025 9630C4 +0.0013 96321 +0.005 96322 +0.05 96331 +0.05 9633C4 +0.045 96361 +0.165 96362 +0.045 9636C4 +0.0025 96521 +0.0025 96522 +0.0025 97311 +0.2185 97312 =                0;
51340: -100 10340 +34 97231 +34 97232 =                0;
51400: -10400 +0.0083 92021 +0.0083 92022 +0.0083 9202C3 +0.0083 92211 +0.0083 92212 +0.0083 9221C3 +0.0083 92421 +0.0083 92422 +0.0083 9242C3 +0.0083 92521 +0.0083 92522 +0.0083 9252C1 +0.0083 94941 +0.0083 94942 +0.0167 94971 +0.0167 94972 +0.0083 96011 +0.0042 96012 +0.0083 9601C4 +0.0083 96021 +0.0083 96022 +0.0083 9602C2 +0.0083 9602C4 +0.0025 96151 +0.0025 96152 +0.0025 9615C2 +0.0025 9615C4 +0.0083 96251 +0.0083 96252 +0.0083 9625C2 +0.0083 9625C4 +0.0083 96301 +0.0083 96302 +0.0083 9630C2 +0.0083 9630C4 +0.0083 96361 +0.0083 96362 +0.0083 9636C4 +0.0083 97151 +0.0083 97152 =                0;
51412: -10412 +0.0025 95401 +0.02 95402 +0.0025 9540C4 +0.0025 96011 +0.0025 96012 +0.0025 9601C4 +0.0025 96021 +0.0025 96022 +0.0025 9602C2 +0.0025 9602C4 +0.0025 96081 +0.05 96082 +0.0025 9608C2 +0.0025 9608C4 +0.0025 96091 +0.0025 96092 +0.0025 9609C2 +0.0025 9609C4 +0.0012 96101 +0.0013 96102 +0.0012 9610C2 +0.0012 9610C4 +0.0015 96151 +0.0015 96152 +0.0015 9615C2 +0.0015 9615C4 +0.0025 96251 +0.0025 96252 +0.0025 9625C2 +0.0025 9625C4 +0.0025 96301 +0.0025 96302 +0.0025 9630C2 +0.0025 9630C4 +0.05 96321 +0.05 96322 +0.0025 96501 +0.0025 96502 +0.0025 96531 +0.0025 96532 +0.0025 96541 +0.0025 96542 +0.02 97121 +0.02 97122 +0.01 97151 +0.01 97152 +0.0025 97501 +0.025 97711 =                0;
51427: -10427 =                0;
51446: -10446 +0.17 91731 +0.005 95402 +0.025 97231 +0.035 97232 +0.005 97251 +0.005 97252 +0.21 97271 +0.1775 97291 +0.16 97292 +0.02 97311 +0.02 97312 =                0;
51448: -10448 +0.0475 9101C3 +0.065 91111 +0.075 91112 +0.065 9111C3 +0.15 91381 +0.0125 91382 +0.0975 9138C1 +0.1425 91551 +0.1075 91552 +0.1175 91561 +0.1 91581 +0.055 91611 +0.035 91612 +0.055 91661 +0.075 91662 +0.25 91721 +0.0125 90101 +0.0025 90102 +0.05 9010C3 +0.0375 90121 +0.0275 90122 +0.0475 9012C1 +0.0075 90221 +0.0025 90222 +0.0075 9022C1 +0.01 9022C3 +0.0875 90321 +0.0025 90322 +0.095 9032C3 +0.045 91011 +0.07 91012 +0.045 9101C1 +0.0225 92021 +0.0475 92022 +0.0475 9202C3 +0.015 92211 +0.0525 92212 +0.0325 9221C3 +0.0025 92421 +0.035 92422 +0.02 9242C3 +0.04 92461 +0.05 92521 +0.005 92522 +0.0625 9252C1 +0.03 92801 +0.0275 93301 +0.0225 93401 +0.01 93402 +0.1575 93611 +0.1275 93612 +0.1325 9361C3 +0.2375 93621 +0.17 93631 +0.2425 93632 +0.0225 94021 +0.025 94022 +0.0225 9402C1 +0.06 94221 +0.005 94222 +0.0675 9422C3 +0.0025 94411 +0.04 94412 +0.0025 9441C1 +0.06 9441C3 +0.01 94511 +0.0025 94512 +0.0575 94631 +0.0425 94632 +0.0575 9463C1 +0.19 94751 +0.0025 94901 +0.06 94902 +0.0625 9490C3 +0.065 94941 +0.075 94942 +0.0475 94961 +0.0025 94962 +0.03 9496C3 +0.0725 94971 +0.0225 94972 =                0;
51460: -100 10460 +17.3 9101C3 +8.6 91111 +13.3 91112 +15.8 9111C3 +33.6 91381 +25.9 91382 +30 9138C1 +53.3 91551 +22.7 91552 +22.7 91561 +6.8 91581 +5.7 91611 +10.1 91661 +3.5 91662 +25.4 91731 +26.2 90102 +37.2 9010C3 +2.9 90121 +1.4 9012C1 +29.4 90221 +11.8 90222 +29.4 9022C1 +24 9022C3 +13 90321 +1.9 9032C3 +19.8 91011 +19.8 9101C1 +10.6 92022 +35.5 9202C3 +24.3 92212 +5.8 9221C3 +15.1 92421 +20.4 92422 +27.6 9242C3 +38.5 92461 +20.6 92521 +26.7 92522 +41.2 9252C1 +3.8 92801 +10.1 93402 +25.3 93612 +31.9 9361C3 +25.4 93631 +53.5 93632 +32 94021 +32 9402C1 +9.1 9422C3 +9.6 94511 +6.4 94512 +7.4 94631 +6.2 94632 +7.4 9463C1 +36.6 94751 +11.3 94901 +25.4 94902 +16.2 9490C3 +31.3 94961 +19.4 9496C3 +10.6 97711 =                0;
51470: -10470 +0.0025 9101C3 +0.03 91111 +0.03 91112 +0.0025 9111C3 +0.0075 91381 +0.0025 91382 +0.0025 9138C1 +0.1555 91551 +0.2464 91552 +0.2418 91561 +0.2023 91581 +0.0125 91661 +0.03 91662 +0.1686 91721 +0.0275 90101 +0.15 90121 +0.165 90122 +0.0575 9012C1 +0.2975 90221 +0.3 90222 +0.2975 9022C1 +0.3 9022C3 +0.3 90321 +0.065 90322 +0.1525 9032C3 +0.0025 91011 +0.0025 91012 +0.0025 9101C1 +0.0025 92461 +0.2225 93301 +0.205 93401 +0.27 93402 +0.06 93611 +0.0502 93612 +0.0655 9361C3 +0.2 93621 +0.005 93632 +0.095 94021 +0.1 94022 +0.095 9402C1 +0.0025 94412 +0.03 9441C3 +0.07 94511 +0.09 94512 +0.1792 94751 +0.1575 94901 +0.3 94902 +0.2475 9490C3 +0.02 94941 +0.025 94942 +0.35 94961 +0.2225 94962 +0.35 9496C3 +0.025 94971 +0.025 94972 +0.5302 95401 +0.2602 95402 +0.53 9540C4 +0.485 96011 +0.4 96012 +0.4848 9601C4 +0.5392 96021 +0.4714 96022 +0.5442 9602C2 +0.544 9602C4 +0.15 96081 +0.0497 96082 +0.15 9608C2 +0.1498 9608C4 +0.0897 96091 +0.15 96092 +0.15 9609C2 +0.1498 9609C4 +0.15 96101 +0.15 96102 +0.15 9610C2 +0.15 9610C4 +0.3304 96151 +0.3287 96152 +0.3304 9615C2 +0.3302 9615C4 +0.3217 96251 +0.3764 96252 +0.4989 9625C2 +0.4989 9625C4 +0.4219 96301 +0.5494 96302 +0.5494 9630C2 +0.5492 9630C4 +0.2362 96321 +0.1042 96322 +0.5492 96361 +0.5064 96362 +0.549 9636C4 +0.2596 96501 +0.0275 96502 +0.3441 96521 +0.5491 96522 +0.0494 96531 +0.2644 96532 +0.0013 96541 +0.0013 96542 +0.0691 96551 +0.2991 96552 +0.28 97231 +0.22 97232 +0.2 97251 +0.47 97252 +0.05 97271 +0.2 97291 +0.2 97292 +0.35 97311 +0.35 97312 +0.1675 97501 +0.1243 97711 =                0;
51477: -10477 +0.45 92461 =                0;
51490: -100 10490 +90.8 97121 +90.8 97122 +90.8 97151 +90.8 97152 =                0;
51495: -10495 +0.09 93801 +0.06 95401 +0.07 95402 +0.06 9540C4 +0.05 96011 +0.06 96012 +0.05 9601C4 +0.055 96021 +0.05 96022 +0.05 9602C2 +0.05 9602C4 +0.1 96081 +0.11 96082 +0.1 9608C2 +0.1 9608C4 +0.11 96091 +0.1 96092 +0.1 9609C2 +0.1 9609C4 +0.07 96101 +0.07 96102 +0.07 9610C2 +0.07 9610C4 +0.06 96151 +0.06 96152 +0.06 9615C2 +0.06 9615C4 +0.05 96251 +0.06 96252 +0.05 9625C2 +0.05 9625C4 +0.05 96301 +0.05 96302 +0.05 9630C2 +0.05 9630C4 +0.06 96321 +0.06 96322 +0.1575 96331 +0.14 96332 +0.1575 9633C4 +0.18 96341 +0.18 96342 +0.05 96361 +0.05 96362 +0.05 9636C4 +0.04 96501 +0.05 96502 +0.05 96521 +0.055 96522 +0.04 96531 +0.04 96532 +0.05 96541 +0.05 96542 +0.03 96551 +0.04 96552 +0.11 97121 +0.1 97122 +0.05 97151 +0.06 97152 +0.05 97251 +0.05 97252 +0.03 97271 +0.03 97291 +0.02 97292 +0.03 97311 +0.03 97312 =                0;
51496: -100 10496 +136.2 97211 =                0;
51545: -10545 +0.0025 90121 +0.0025 90122 +0.0025 9012C1 +0.0025 90221 +0.0025 90222 +0.0025 9022C1 +0.0025 9022C3 +0.0025 90321 +0.0025 90322 +0.0025 9032C3 +0.025 93301 +0.0025 93401 +0.0025 93402 +0.15 93801 +0.0025 94021 +0.0025 94022 +0.0025 9402C1 +0.0025 94221 +0.0025 94222 +0.0025 9422C3 +0.0025 94411 +0.0025 94412 +0.0025 9441C1 +0.0025 9441C3 +0.0025 94511 +0.01 94512 +0.0025 94901 +0.0025 94902 +0.0025 9490C3 +0.0025 94961 +0.0025 94962 +0.0025 9496C3 +0.0025 95401 +0.13 95402 +0.0025 9540C4 +0.0025 96011 +0.0025 96012 +0.0025 9601C4 +0.0025 96021 +0.0025 96022 +0.0025 9602C2 +0.0025 9602C4 +0.1 96081 +0.1175 96082 +0.07 9608C2 +0.07 9608C4 +0.1 96091 +0.1 96092 +0.07 9609C2 +0.07 9609C4 +0.2675 96101 +0.2075 96102 +0.19 9610C2 +0.19 9610C4 +0.08 96151 +0.14 96152 +0.05 9615C2 +0.05 9615C4 +0.0025 96251 +0.0025 96252 +0.0025 9625C2 +0.0025 9625C4 +0.2275 96321 +0.2275 96322 +0.15 96331 +0.25 96332 +0.15 9633C4 +0.52 97121 +0.55 97122 +0.08 97151 +0.08 97152 +0.1475 97311 +0.05 97312 +0.225 97501 +0.2 97711 +999545 =                0;
51548: -10548 +0.175 93711 =                0;
51605: -100 10605 +2.7 91721 +0.9 92021 +0.9 92022 +0.9 9202C3 +0.9 92211 +0.9 92212 +0.9 9221C3 +92801 +2.7 93621 +0.9 94021 +0.9 94022 +0.9 9402C1 +0.9 94511 +94512 =                0;
51620: -10620 +0.005 93301 =                0;
51623: -10623 +0.025 91382 +0.0075 91552 +0.0025 91561 +0.01 91721 +0.015 90102 +0.0075 90122 +0.0075 90221 +0.0125 90222 +0.0075 9022C1 +0.0075 9022C3 +0.0275 90322 +0.01 92421 +0.005 92422 +0.0075 9242C3 +0.0025 92461 +0.02 92522 +0.0125 93301 +0.0025 93402 +0.0025 93612 +0.015 94021 +0.005 94022 +0.015 9402C1 +0.015 94222 +0.0175 94411 +0.0175 9441C1 +0.015 94511 +0.015 94512 +0.005 94632 +0.0175 94901 +0.015 94962 +0.0075 9496C3 +0.015 94972 +0.01 97501 +0.0075 97711 =                0;
51625: -10625 +0.004 93301 =                0;
51635: -10635 +0.0167 95401 +0.0167 95402 +0.0167 9540C4 =                0;
51812: -10812 +0.015 95631 =                0;
51824: +0.0025 9101C3 +0.0025 91111 +0.0025 91112 +0.0025 9111C3 +0.005 91381 +0.005 91382 +0.005 9138C1 +0.0075 91551 +0.0075 91552 +0.0075 91561 +0.005 91581 +0.0025 91611 +0.0025 91612 +0.0025 91661 +0.0025 91662 +0.01 91721 +0.01 91731 -10824 +0.0025 90101 +0.0025 90102 +0.0025 9010C3 +0.0025 90121 +0.0025 90122 +0.0025 9012C1 +0.0025 90221 +0.0025 90222 +0.0025 9022C1 +0.0025 9022C3 +0.005 90321 +0.005 90322 +0.005 9032C3 +0.0025 91011 +0.0025 91012 +0.0025 9101C1 +0.0025 92021 +0.0025 92022 +0.0025 9202C3 +0.0025 92211 +0.0025 92212 +0.0025 9221C3 +0.0025 92421 +0.0025 92422 +0.0025 9242C3 +0.0033 92461 +0.005 92521 +0.005 92522 +0.005 9252C1 +0.0025 92801 +0.005 93301 +0.0025 93401 +0.0025 93402 +0.0075 93611 +0.0075 93612 +0.0075 9361C3 +0.015 93621 +0.01 93631 +0.01 93632 +0.005 93801 +0.0025 94021 +0.0025 94022 +0.0025 9402C1 +0.005 94221 +0.005 94222 +0.005 9422C3 +0.0025 94411 +0.0025 94412 +0.0025 9441C1 +0.0025 9441C3 +0.005 94511 +0.005 94512 +0.005 94631 +0.005 94632 +0.005 9463C1 +0.015 94751 +0.0025 94901 +0.0025 94902 +0.0025 9490C3 +0.0025 94941 +0.0025 94942 +0.0025 94961 +0.0025 94962 +0.0025 9496C3 +0.0025 94971 +0.0025 94972 +0.01 95401 +0.01 95402 +0.01 9540C4 +0.0147 95631 +0.01 96011 +0.01 96012 +0.01 9601C4 +0.01 96021 +0.01 96022 +0.01 9602C2 +0.01 96081 +0.01 96082 +0.01 9608C2 +0.01 9608C4 +0.01 96091 +0.01 96092 +0.01 9609C2 +0.01 9609C4 +0.01 96101 +0.01 96102 +0.01 9610C2 +0.01 9610C4 +0.006 96151 +0.009 96152 +0.006 9615C2 +0.006 9615C4 +0.01 96251 +0.01 96252 +0.01 9625C2 +0.01 9625C4 +0.01 96301 +0.01 96302 +0.01 9630C2 +0.01 9630C4 +0.01 96321 +0.01 96322 +0.01 96331 +0.01 96332 +0.01 9633C4 +0.01 96341 +0.02 96342 +0.01 96361 +0.01 96362 +0.01 9636C4 +0.03 96501 +0.03 96502 +0.04 96521 +0.04 96522 +0.04 96531 +0.04 96532 +0.04 96541 +0.04 96542 +0.05 96551 +0.05 96552 +0.01 97121 +0.01 97122 +0.01 97151 +0.01 97152 +0.005 97211 +0.005 97231 +0.005 97232 +0.005 97251 +0.005 97252 +0.025 97271 +0.025 97291 +0.025 97292 +0.005 97311 +0.005 97312 +0.0025 97501 +0.005 97711 =                0;
51827: -10827 +0.01 9602C4 +0.05 96251 +0.05 96252 +0.05 9625C2 +0.05 9625C4 +0.05 96301 +0.025 96302 +0.05 9630C2 +0.05 9630C4 +0.09 96341 +0.05 97151 +0.05 97152 +0.05 97251 +0.05 97252 +0.12 97311 +0.12 97312 =                0;
51835: +60.6 91561 +45.4 91581 +22.7 91611 +22.7 91612 +22.7 91661 +22.7 91662 +56.8 91721 -100 10835 +22.7 90101 +22.7 90102 +22.7 9010C3 +22.7 90121 +22.7 90122 +22.7 9012C1 +22.7 90221 +22.7 90222 +22.7 9022C1 +22.7 9022C3 +22.7 90321 +22.7 90322 +22.7 9032C3 +22.7 92021 +22.7 92022 +22.7 9202C3 +22.7 92211 +22.7 92212 +22.7 9221C3 +22.7 92421 +22.7 92422 +22.7 9242C3 +22.7 92461 +22.7 92521 +22.7 92522 +22.7 9252C1 +22.7 92801 +22.7 93401 +22.7 93402 +56.7 93611 +56.7 93612 +56.7 9361C3 +90.7 93621 +22.7 94021 +22.7 94022 +22.7 9402C1 +22.7 94221 +22.7 94222 +22.7 9422C3 +22.7 94411 +22.7 94412 +22.7 9441C1 +22.7 9441C3 +22.7 94511 +22.7 94512 +22.7 94631 +22.7 94632 +22.7 9463C1 +65.7 94751 +22.7 94941 +22.7 94942 +22.7 94971 +22.7 94972 +22.7 97501 +22.7 97711 =                0;
51842: -10842 +0.01 96321 +0.01 96322 +0.08 97211 +0.005 97501 =                0;
51854: +0.12 9101C3 +0.125 91111 +0.15 91112 +0.1775 9111C3 +0.1125 91381 +0.2375 91382 +0.17 9138C1 +0.3075 91551 +0.36 91552 +0.295 91561 +0.08 91581 +0.09 91611 +0.11 91612 +0.1425 91661 +0.12 91662 +0.365 91721 +0.4928 91731 -10854 +0.085 90101 +0.2825 90102 +0.235 9010C3 +0.0375 90121 +0.08 90122 +0.0525 9012C1 +0.0225 90221 +0.0475 90222 +0.0225 9022C1 +0.025 9022C3 +0.0625 90321 +0.1225 90322 +0.03 9032C3 +0.125 91011 +0.025 91012 +0.125 9101C1 +0.1775 92021 +0.26 92022 +0.245 9202C3 +0.09 92211 +0.1925 92212 +0.135 9221C3 +0.1025 92421 +0.105 92422 +0.1225 9242C3 +0.105 92461 +0.1375 92521 +0.24 92522 +0.1975 9252C1 +0.1875 92801 +0.1325 93301 +0.135 93401 +0.2 93402 +0.4325 93611 +0.5675 93612 +0.59 9361C3 +0.34 93621 +0.4928 93631 +0.4451 93632 +0.04 93801 +0.35 94021 +0.25 94022 +0.35 9402C1 +0.1475 94221 +0.2125 94222 +0.18 9422C3 +0.185 94411 +0.085 94412 +0.185 9441C1 +0.1325 9441C3 +0.215 94511 +0.2025 94512 +0.0675 94631 +0.085 94632 +0.0675 9463C1 +0.475 94751 +0.125 94901 +0.065 94902 +0.0625 9490C3 +0.1825 94941 +0.185 94942 +0.0475 94962 +0.1375 94971 +0.2 94972 +0.0025 95401 +0.08 95402 +0.0025 9540C4 +0.065 96011 +0.05 96012 +0.065 9601C4 +0.005 96021 +0.065 96022 +0.005 9602C2 +0.005 9602C4 +0.0475 96081 +0.115 96082 +0.0475 9608C2 +0.0475 9608C4 +0.0975 96091 +0.0025 96092 +0.0025 9609C2 +0.0025 9609C4 +0.035 96101 +0.025 96102 +0.035 9610C2 +0.035 9610C4 +0.0015 96151 +0.0015 96152 +0.0015 9615C2 +0.0015 9615C4 +0.0025 96251 +0.0025 96252 +0.0025 9625C2 +0.0025 9625C4 +0.0025 96301 +0.0025 96302 +0.0025 9630C2 +0.0025 9630C4 +0.1037 96321 +0.125 96322 +0.01 96341 +0.01 96342 +0.0025 96361 +0.0825 96362 +0.0025 9636C4 +0.0025 96501 +0.0025 96502 +0.0025 96521 +0.075 96522 +0.09 96531 +0.115 96532 +0.52 96541 +0.52 96542 +0.2525 96551 +0.265 96552 +0.025 97151 +0.06 97152 +0.17 97211 +0.09 97231 +0.11 97232 +0.07 97251 +0.03 97252 +0.571 97271 +0.4466 97291 +0.4461 97292 +0.01 97311 +0.01 97312 +0.0875 97501 +0.15 97711 +999854 =                0;
51857: -10857 =                0;
51861: +0.28 91581 -10861 +0.005 90122 +0.01 90221 +0.07 90222 +0.01 9022C1 +0.0075 90322 +0.0325 93402 +0.035 94961 +0.0075 9496C3 +0.0015 96151 +0.039 96152 +0.0015 9615C2 +0.0015 9615C4 +0.0025 96251 +0.0025 96252 +0.0025 9625C2 +0.0025 9625C4 +0.0075 96301 +0.0575 96302 +0.0075 9630C2 +0.0075 9630C4 +0.0025 96331 +0.0025 9633C4 +0.1022 96341 +0.2722 96342 +0.0075 96361 +0.0025 96362 +0.0075 9636C4 +0.05 96501 +0.0841 96502 +0.0025 96521 +0.15 96522 +0.0025 96531 +0.0025 96532 +0.0025 96541 +0.0025 96542 +0.15 97151 +0.145 97152 +0.05 97711 =                0;
51884: -10884 +0.05 97211 =                0;
51917: -10917 +0.009 96151 +0.009 96152 +0.009 9615C2 +0.009 9615C4 +0.0125 96251 +0.0125 96252 +0.01 9625C2 +0.01 9625C4 +0.0125 96301 +0.01 96302 +0.01 9630C2 +0.01 9630C4 +0.0125 96361 +0.0125 96362 +0.0125 9636C4 +0.0275 96501 +0.0275 96502 +0.055 96521 +0.055 96522 +0.04 96531 +0.04 96532 +0.07 96551 +0.07 96552 =                0;
51919: -100 10919 +22.7 94941 +22.7 94942 +22.7 94961 +17.4 94962 +22.7 9496C3 +22.7 94971 +22.7 94972 =                0;
51922: +8.6 9101C3 +8.6 91111 +8.6 91112 +8.6 9111C3 +10.7 91381 +10.9 91382 +11.1 9138C1 +18.1 91551 +22.7 91552 +36.3 91561 +6.4 91581 +14.9 91611 +14.1 91612 +19.6 91661 +13.3 91662 +59.1 91721 +37.4 91731 -100 10922 +10.9 90101 +10.8 90102 +11.8 9010C3 +2.5 90121 +4.9 90122 +5.9 9012C1 +0.7 90221 +2 90222 +0.7 9022C1 +1.2 9022C3 +3.7 90321 +2.9 90322 +4 9032C3 +8.6 91011 +8.6 91012 +8.6 9101C1 +25.2 92021 +25.1 92022 +25.5 9202C3 +20.5 92211 +20 92212 +20.4 9221C3 +7.5 92421 +7.8 92422 +7.5 9242C3 +8.8 92461 +17.8 92521 +17.9 92522 +17.8 9252C1 +22.5 92801 +5.7 93301 +16.8 93401 +15.5 93402 +32.6 93611 +32.8 93612 +32.4 9361C3 +58.9 93621 +37.4 93631 +48.3 93632 +22.4 94021 +22.1 94022 +22.4 9402C1 +13.1 94221 +12.9 94222 +13.5 9422C3 +9.1 94411 +9.8 94412 +9.1 9441C1 +9.3 9441C3 +22 94511 +20.8 94512 +8.8 94631 +8.5 94632 +8.8 9463C1 +43.5 94751 +10.9 94901 +10.7 94902 +10.8 9490C3 +14.4 94941 +14.2 94942 +3 94971 +3 94972 +5.7 95401 +5.7 95402 +5.7 9540C4 +5.7 97121 +5.7 97122 +5 97151 +5 97152 +22.7 97211 +15.1 97231 +15.1 97232 +5.7 97251 +5.7 97252 +35.1 97271 +22.7 97291 +22.7 97292 +17.1 97311 +17.1 97312 +2.9 97501 +14.5 97711 =                0;
51940: +5.1 9101C3 +5.5 91111 +5.5 91112 +5.5 9111C3 +10 91381 +10 91382 +10 9138C1 +13.5 91551 +14.2 91552 +22 91561 +10 91581 +5.3 91611 +5.3 91612 +8.2 91661 +7 91662 +26.5 91721 +35 91731 -100 10940 +5 90101 +5 90102 +7.5 9010C3 +5 90121 +5 90122 +5 9012C1 +5 90221 +5 90222 +5 9022C1 +5 9022C3 +8.2 90321 +6.8 90322 +7.2 9032C3 +5 91011 +5 91012 +5 9101C1 +5 92021 +6.3 92022 +6 9202C3 +5 92211 +5.8 92212 +5 9221C3 +5 92421 +5 92422 +5 9242C3 +6.5 92461 +6 92521 +5.6 92522 +7 9252C1 +5.7 92801 +1.1 93301 +7.6 93401 +9.5 93402 +5.7 93611 +6.1 93612 +7.6 9361C3 +23.8 93621 +35 93631 +47.7 93632 +8.2 94021 +8.2 94022 +8.2 9402C1 +8.2 94221 +5.9 94222 +8.2 9422C3 +8.2 94411 +8.2 94412 +8.2 9441C1 +8.2 9441C3 +12.3 94511 +8.2 94512 +5 94631 +2.7 94632 +5 9463C1 +17.3 94751 +22.8 94901 +23.2 94902 +23.3 9490C3 +11.8 94941 +10.6 94942 +4.7 94961 +3.3 94962 +4.2 9496C3 +9 94971 +8.8 94972 +16.7 95401 +16.7 95402 +16.7 9540C4 +500 95631 +10 96011 +10 96012 +10 9601C4 +10.1 96021 +10.1 96022 +10 9602C2 +10 9602C4 +10 96081 +10 96082 +10 9608C2 +10 9608C4 +10 96091 +10 96092 +10 9609C2 +10 9609C4 +8.95 96101 +8.95 96102 +8.95 9610C2 +8.95 9610C4 +10.08 96151 +8.4 96152 +10.08 9615C2 +10.08 9615C4 +10.4 96251 +10.4 96252 +10.4 9625C2 +10.4 9625C4 +3.3 96301 +3.3 96302 +3.3 9630C2 +3.3 9630C4 +16.6 96321 +10 96322 +10 96331 +10 96332 +10 9633C4 +10 96341 +10 96342 +10 96361 +10 96362 +10 9636C4 +15 96501 +30 96502 +30 96521 +30 96522 +20 96531 +20 96532 +40 96541 +40 96542 +30 96551 +30 96552 +10 97121 +10 97122 +5 97151 +5 97152 +33.3 97211 +16.8 97231 +16.8 97232 +3.3 97251 +3.3 97252 +33.3 97271 +40 97291 +40 97292 +16.7 97311 +16.7 97312 +16 97501 +11.4 97711 =                0;
51943: -100 10943 +2.9 94411 +2.9 9441C1 +22.7 97211 +10.6 97231 +10.6 97232 +8 97251 +8 97252 +68.1 97271 +68.1 97291 +68.1 97292 +22.7 97311 +22.7 97312 =                0;
51945: +16.7 9101C3 +16.7 91111 +16.7 91112 +16.7 9111C3 +33.3 91381 +33.3 91382 +33.3 9138C1 +47.3 91551 +44.6 91552 +44.6 91561 +33.4 91581 +20 91611 +20 91612 +20 91661 +20 91662 +83.3 91721 +66.7 91731 -100 10945 +16.7 90101 +16.7 90102 +16.7 9010C3 +16.7 90121 +16.7 90122 +16.7 9012C1 +16.7 90221 +16.7 90222 +16.7 9022C1 +16.7 9022C3 +16.7 90321 +16.7 90322 +16.7 9032C3 +16.7 91011 +16.7 91012 +16.7 9101C1 +16.7 92021 +16.7 92022 +16.7 9202C3 +16.7 92211 +16.7 92212 +16.7 9221C3 +16.7 92421 +16.7 92422 +16.7 9242C3 +16.7 92461 +16.7 92521 +16.7 92522 +16.7 9252C1 +33.4 92801 +8.5 93301 +33.3 93401 +33.4 93402 +56.7 93611 +56.7 93612 +56.7 9361C3 +83.3 93621 +66.7 93631 +66.7 93632 +33.3 94021 +33.3 94022 +33.3 9402C1 +25 94221 +25 94222 +25 9422C3 +16.7 94411 +16.7 94412 +16.7 9441C1 +16.7 9441C3 +50 94511 +33.3 94512 +16.7 94631 +16.7 94632 +16.7 9463C1 +100 94751 +25 94901 +25.1 94902 +25 9490C3 +16.7 94941 +16.7 94942 +16.7 94961 +16.7 94962 +16.7 9496C3 +16.7 94971 +16.7 94972 +22.5 97711 =                0;
51947: +1.4 91111 +1.2 91112 +1.4 9111C3 +5.7 91561 +2.3 91611 +2.3 91612 +4.5 91661 +5.7 91662 +11.3 91721 -100 10947 +5.3 90101 +4.5 90102 +4.5 9010C3 +1.1 92021 +1.1 92022 +1.1 9202C3 +4.5 93401 +4.5 93402 +9.1 93621 +15.9 94021 +15.9 94022 +15.9 9402C1 +9.1 94221 +4.5 94222 +9.1 9422C3 +18.1 94511 +18.1 94512 +11.4 94751 +5.7 94901 +5.7 94902 +5.7 9490C3 +5.7 94961 +5.7 9496C3 +11.4 9540C4 +227 95631 +11.4 9601C4 +11.4 9602C4 +11.4 9608C4 +11.4 9609C4 +11.4 9610C4 +11.4 9615C4 +11.4 9625C2 +11.4 9625C4 +11.4 9630C4 +11.4 9633C4 +11.4 9636C4 +11.4 97501 +10.2 97711 =                0;
51974: -10974 +0.005 94021 +0.005 94022 +0.005 9402C1 +0.005 96321 +0.005 96322 =                0;
51981: -100 10981 +3.4 95401 +3.4 95402 +3.4 9540C4 +171 95631 +3.4 96011 +3.4 96012 +3.4 9601C4 +3.4 96021 +3.4 96022 +3.4 9602C2 +3.4 9602C4 +3.4 96081 +3.4 96082 +3.4 9608C2 +3.4 9608C4 +3.4 96091 +3.4 96092 +3.4 9609C2 +3.4 9609C4 +3.4 96101 +3.4 96102 +3.4 9610C2 +3.4 9610C4 +3.42 96151 +2.85 96152 +3.42 9615C2 +3.42 9615C4 +3.4 96251 +3.4 96252 +3.4 9625C2 +3.4 9625C4 +1.1 96301 +1.1 96302 +1.1 9630C2 +1.1 9630C4 +3.4 96321 +3.4 96322 +3.4 96331 +3.4 96332 +3.4 9633C4 +3.4 96341 +3.4 96342 +3.4 96361 +3.4 96362 +3.4 9636C4 +5.1 96501 +10.2 96502 +10.2 96521 +10.2 96522 +6.8 96531 +6.8 96532 +13.6 96541 +13.6 96542 +10.2 96551 +10.2 96552 +3.4 97121 +3.4 97122 +1.7 97151 +1.7 97152 +0.7 97211 +0.6 97231 +0.6 97232 +0.7 97251 +0.7 97252 +2.3 97271 +2.3 97291 +2.3 97292 +0.7 97311 +0.7 97312 +1.8 97501 =                0;
51990: +2.7 9101C3 +2.7 91111 +2.7 9111C3 +13.6 91551 +2.7 91611 +5 91661 +5 91662 +12 91721 +6.8 91731 -100 10990 +2.7 91011 +2.7 91012 +2.7 9101C1 +2.3 92021 +2.3 9202C3 +2.3 92211 +2.3 92212 +2.3 9221C3 +2.3 92421 +2.3 9242C3 +5 92521 +5 9252C1 +3.2 93611 +3.2 93612 +3.2 9361C3 +6.4 93621 +6.8 93631 +5.7 94021 +5.7 94022 +5.7 9402C1 +5.7 94221 +5.7 9422C3 +5.7 94411 +5.7 94412 +5.7 9441C1 +5.7 9441C3 +5.7 94511 +1.4 94512 +22.7 94751 +2.7 94901 +2.7 94902 +2.7 9490C3 +2.7 94941 +2.7 94971 +5.7 97211 +5.7 97231 +5.7 97232 +5.7 97251 +5.7 97252 +22.7 97271 +22.7 97291 +22.7 97292 +5.7 97311 +5.7 97312 =                0;
60080: +999080 =                0;
60157: +999157 =              108;
60545: +999545 =                0;
60854: +999854 =                0;
609010: +90101 +90102 +9010C3 =                0;
609012: +90121 +90122 +9012C1 =              600;
609022: +90221 +90222 +9022C1 +9022C3 =              120;
609032: +90321 +90322 +9032C3 =               20;
609101: +9101C3 +91011 +91012 +9101C1 =             1120;
609111: +91111 +91112 +9111C3 =              640;
609138: +91381 +91382 +9138C1 =               56;
609155: +91551 +91552 =                0;
609156: +91561 =                0;
609158: +91581 =                0;
609161: +91611 +91612 =                0;
609166: +91661 +91662 =                0;
609172: +91721 =               40;
609173: +91731 =                0;
609202: +92021 +92022 +9202C3 =              360;
609221: +92211 +92212 +9221C3 =                4;
609242: +92421 +92422 +9242C3 =                0;
609246: +92461 =                0;
609252: +92521 +92522 +9252C1 =                0;
609280: +92801 =                0;
609330: +93301 =                0;
609340: +93401 +93402 =                0;
609361: +93611 +93612 +9361C3 =             1000;
609362: +93621 =              192;
609363: +93631 +93632 =               65;
609371: +93711 =                0;
609380: +93801 =                0;
609402: +94021 +94022 +9402C1 =               90;
609422: +94221 +94222 +9422C3 =              215;
609441: +94411 +94412 +9441C1 +9441C3 =              140;
609451: +94511 +94512 =                0;
609463: +94631 +94632 +9463C1 =                0;
609475: +94751 =                0;
609490: +94901 +94902 +9490C3 =                0;
609494: +94941 +94942 =                0;
609496: +94961 +94962 +9496C3 =              160;
609497: +94971 +94972 =                0;
609540: +95401 +95402 +9540C4 =               24;
609563: +95631 =                5;
609601: +96011 +96012 +9601C4 =               60;
609602: +96021 +96022 +9602C2 +9602C4 =             1893;
609608: +96081 +96082 +9608C2 +9608C4 =              165;
609609: +96091 +96092 +9609C2 +9609C4 =              410;
609610: +96101 +96102 +9610C2 +9610C4 =              445;
609615: +96151 +96152 +9615C2 +9615C4 =              415;
609625: +96251 +96252 +9625C2 +9625C4 =             1160;
609630: +96301 +96302 +9630C2 +9630C4 =              420;
609632: +96321 +96322 =               60;
609633: +96331 +96332 +9633C4 =               47;
609634: +96341 +96342 =                0;
609636: +96361 +96362 +9636C4 =                0;
609650: +96501 +96502 =                0;
609652: +96521 +96522 =                0;
609653: +96531 +96532 =               40;
609654: +96541 +96542 =                0;
609655: +96551 +96552 =                0;
609712: +97121 +97122 =              137;
609715: +97151 +97152 =                1;
609721: +97211 =                0;
609723: +97231 +97232 =                0;
609725: +97251 +97252 =                0;
609727: +97271 =                3;
609729: +97291 +97292 =                0;
609731: +97311 +97312 =                0;
609750: +97501 =               18;
609771: +97711 =                0;
