min: +3.2 1 +2.87 2 +0.0044 8 +0.07 13 +0.0378 14 +0.155 15 +0.155 16 +0.155 17 +0.155 18 +0.0528 19 +0.0528 20 +0.0528 21 +0.0528 22 +0.128 23 +0.118 24 +0.0924 36 -5.36 37 +0.0924 44 -5.08 45 +0.0924 52 -4.51 53 -2.75 57 -4.2 60 -3.6 63 -2 70 +0.04 77 +3 79 +0.4 80 +0.0132 82 +0.01 83;
1: -0.2931 2 +4 =                0;
2: -0.537 1 +3 =                0;
3: -0.131 1 -0.117 2 +22 +62 =                0;
4: -0.1155 1 -0.0649 2 +17 +21 +61 =                0;
5: -0.0365 1 -0.1233 2 +15 +19 +67 =                0;
6: -0.143 1 -0.2217 2 +16 +20 +66 =                0;
7: -0.037 1 +64 =                0;
8: -0.18 2 +65 =                0;
9: -0.0277 3 -0.0112 4 -0.175 5 -0.271 6 -0.2836 7 -0.0571 24 -25 -54 +55 +74 =                0;
10: -0.0563 3 -0.0378 4 -0.27 5 -0.3285 6 -0.3285 7 -0.0185 19 -0.0185 20 -0.0184 21 -0.0184 22 -0.0114 24 -26 -27 +35 +43 +51 +56 +73 -0.5 79 =                0;
11: -0.199 3 -0.1502 4 -0.028 5 -0.0255 6 -0.0241 7 +28 +38 +46 +58 =                0;
12: -0.6873 3 -0.7953 4 +8 +59 =                0;
13: -0.017 3 -0.0099 4 -0.455 5 -0.2656 6 -0.2502 7 -0.0568 19 -0.0568 20 -0.0564 21 -0.0564 22 +0.76 23 +0.6571 24 +27 +72 -0.5 79 =                0;
14: -8 +11 +12 =                0;
15: -9 -11 +13 =                0;
16: -10 -12 +14 =                0;
17: +7 -0.0588 13 =                0;
18: +6 -0.0404 14 =                0;
19: -0.8145 13 +30 +40 +48 =                0;
20: -0.8564 14 +31 +41 +49 =                0;
21: +5 -0.3321 15 -0.3321 16 -0.2414 17 -0.2414 18 =                0;
22: +9 +10 -0.5875 15 -0.5875 16 -0.6627 17 -0.6627 18 =                0;
23: -0.0091 13 -0.0069 14 -0.362 15 -0.362 16 -0.293 17 -0.293 18 +29 +39 +47 =                0;
24: -0.0806 19 -0.0806 20 -0.078 21 -0.078 22 +0.5714 24 +26 +76 =                0;
25: -0.0658 19 -0.0658 20 -0.0655 21 -0.0655 22 +0.5714 23 +25 +75 =                0;
26: -0.0328 19 -0.0328 20 -0.0303 21 -0.0303 22 +54 =                0;
27: -0.4934 19 -0.4934 20 -0.475 21 -0.475 22 +32 +42 +50 =                0;
28: +18 -0.2922 19 -0.2922 20 -0.305 21 -0.305 22 +69 =                0;
29: -0.0096 19 -0.0096 20 +68 =                0;
30: -23 +33 =                0;
31: -24 +34 =                0;
32: -28 -29 -30 -31 -32 -33 -34 -35 +37 =                0;
33: -38 -39 -40 -41 -42 -43 +45 =                0;
34: -61 -62 +63 =                0;
35: -64 -65 -66 -67 -68 -69 +70 =                0;
36: -46 -47 -48 -49 -50 -51 +53 =                0;
37: -55 -56 +57 =                0;
38: -58 -59 +60 =                0;
39: +0.0042 2 +0.0327 8 -0.8239 13 -0.7689 14 +2.3 15 +2.3 16 +2.3 17 +2.3 18 +71 =                0;
40: +0.003 1 +0.003 2 +0.01303 3 +0.01303 4 +0.01303 5 +0.01303 6 +0.01303 7 +0.0081 13 +0.0063 14 -0.0654 19 -0.0654 20 -0.0654 21 -0.0654 22 +0.1869 23 +0.1724 24 -77 +78 =                0;
41: +0.0587 1 +0.1053 2 +0.0506 3 +0.0448 4 +0.0506 5 +0.0506 6 +0.0506 7 +0.094 8 -0.2112 13 -0.156 14 -0.2049 15 -0.2049 16 -0.1531 17 -0.1531 18 -0.2535 19 -0.2535 20 -0.2703 21 -0.2703 22 +0.2796 23 +0.2579 24 -0.325 71 -4.153 72 -4.316 73 -3.814 74 -3.808 75 -4.44 76 +1.42 77 -80 +81 =                0;
42: +0.15 1 +0.185 2 +0.209 3 +0.185 4 +0.209 5 +0.209 6 +0.209 7 +0.045 8 +0.387 13 +0.297 14 +0.826 15 +0.826 16 +0.826 17 +0.826 18 +0.632 19 +0.632 20 +0.632 21 +0.632 22 +2.241 23 +2.067 24 -82 =                0;
43: +0.302 1 +0.384 2 +0.495 3 +0.721 4 +0.495 5 +0.495 6 +0.495 7 +0.793 8 +1.03 13 +0.792 14 +14.61 15 +14.61 16 +14.61 17 +14.61 18 +0.6807 19 +0.6807 20 +0.6807 21 +0.6807 22 +2.766 23 +2.552 24 -83 =                0;
44: -7.95 28 -8.84 29 -9.43 30 -9.03 31 -9.23 32 -9.4 33 -9.74 34 -9.74 35 -0.493 36 +10.03 37 <                0;
45: -8.7 28 -9.45 29 -9.57 30 -9.32 31 -9.22 32 -9.85 33 -10.1 34 -9.9 35 -0.165 36 +10.03 37 <                0;
46: -3 28 -3 29 -3 30 -3 31 -3 32 -3 33 -3 34 -3 35 +36 <                0;
47: +14 28 +12 29 +3.5 30 +3.5 31 +6 32 +2.5 33 +3.3 34 +66 35 -9.5 37 <                0;
48: +28 +29 +0.233 30 +0.205 31 +0.381 32 +0.39 33 +0.233 34 +35 -0.5 37 <                0;
49: -28 -29 -0.358 30 -0.333 31 -0.509 32 -0.77 33 -0.58 34 -35 +0.5 37 <                0;
50: -0.00862 2 -7.98 38 -8.87 39 -9.46 40 -9.06 41 -9.26 42 -9.77 43 -0.435 44 +9.65 45 <                0;
51: -0.00862 2 -8.58 38 -9.33 39 -9.45 40 -9.2 41 -9.13 42 -9.78 43 -0.208 44 +9.65 45 <                0;
52: -3 38 -3 39 -3 40 -3 41 -3 42 -3 43 +44 <                0;
53: +14 38 +12 39 +3.5 40 +3.5 41 +6 42 +66 43 -9.5 45 <                0;
54: +38 +39 +0.233 40 +0.205 41 +0.318 42 +43 -0.5 45 <                0;
55: -38 -39 -0.358 40 -0.333 41 -0.509 42 -43 +0.5 45 <                0;
56: -0.0101 2 -7.99 46 -8.88 47 -9.47 48 -9.07 49 -9.27 50 -9.78 51 -0.426 52 +9.05 53 <                0;
57: -0.0101 2 -8.59 46 -9.34 47 -9.46 48 -9.21 49 -9.14 50 -9.79 51 -0.204 52 +9.05 53 <                0;
58: -3 46 -3 47 -3 48 -3 49 -3 50 -3 51 +52 <                0;
59: +14 46 +12 47 +3.5 48 +3.5 49 +6 50 +66 51 -9.5 53 <                0;
60: +46 +47 +0.233 48 +0.205 49 +0.318 50 +51 -0.5 53 <                0;
61: -46 -47 -0.358 48 -0.333 49 -0.509 50 -51 +0.5 53 <                0;
62: +10.1 64 +12.63 65 +8.05 66 +6.9 67 +8.05 68 +4.4 69 -10.1 70 <                0;
63: -14 58 -0.8 59 +2 60 <                0;
64: +14 58 +0.8 59 -3 60 <                0;
65: +3 +4 +15 +17 +19 +21 +22 +63 +67 <            23.26;
66: +16 +20 +66 <             5.25;
67: +1 <            26.32;
68: +2 <            21.05;
69: +1.3 13 +14 <            13.45;
70: +15 +16 +17 +18 <             2.58;
71: +19 +20 +21 +22 <               10;
72: +23 +24 <               10;
73: +0.64 37 -0.36 45 -0.36 53 <                0;
74: +0.35 37 +0.35 45 -0.65 53 <                0;
